DATATYPE	TIME	 LPCX	 LPCY	 LPD	 LPS	 LPV	 RPCX	 RPCY	 RPD	 RPS	 RPV	 BKID	 BKDUR	 BKPMIN	 USER	
SMP	776.87335	0.29441	0.32737	13.59579	1.57284	0	0.24045	0.61207	27.72905	1.57531	1	0	0.00000	24	START_RECORDING	
SMP	776.88696	0.29441	0.32737	13.59579	1.57284	0	0.23952	0.61321	28.23045	1.57531	1	0	0.00000	24	START_RECORDING	
SMP	776.90338	0.29441	0.32737	13.59579	1.57284	0	0.24324	0.61210	23.96003	1.57531	1	0	0.00000	24	START_RECORDING	
SMP	776.92078	0.29441	0.32737	13.59579	1.57284	0	0.23679	0.61279	28.85816	1.57531	1	0	0.00000	24	START_RECORDING	
SMP	776.93622	0.29441	0.32737	13.59579	1.57284	0	0.23419	0.61280	28.97571	1.57531	1	0	0.00000	24	START_RECORDING	
SMP	776.95258	0.29441	0.32737	13.59579	1.57284	0	0.23799	0.61516	21.74827	1.57531	1	0	0.00000	23	START_RECORDING	
SMP	776.96906	0.29441	0.32737	13.59579	1.57284	0	0.23305	0.61845	28.34525	1.57531	1	0	0.00000	23	START_RECORDING	
MSG	776.9775	CLIENT2_READY
SMP	776.98547	0.29441	0.32737	13.59579	1.57284	0	0.23074	0.61559	30.14509	1.57531	1	0	0.00000	23	CLIENT2_READY	
SMP	777.00287	0.29441	0.32737	13.59579	1.57284	0	0.23495	0.61692	22.65570	1.57531	1	0	0.00000	23	CLIENT2_READY	
SMP	777.01837	0.29441	0.32737	13.59579	1.57284	0	0.22860	0.62105	27.85845	1.57531	1	0	0.00000	23	CLIENT2_READY	
SMP	777.03479	0.29441	0.32737	13.59579	1.57284	0	0.22613	0.62118	28.80209	1.57531	1	0	0.00000	23	CLIENT2_READY	
SMP	777.05225	0.29441	0.32737	13.59579	1.57284	0	0.22919	0.62285	20.52626	1.57531	1	0	0.00000	23	CLIENT2_READY	
SMP	777.06769	0.29441	0.32737	13.59579	1.57284	0	0.22403	0.62281	24.60706	1.57531	1	0	0.00000	23	CLIENT2_READY	
SMP	777.08508	0.29441	0.32737	13.59579	1.57284	0	0.22268	0.62348	28.57261	1.57531	1	0	0.00000	23	CLIENT2_READY	
SMP	777.10046	0.29441	0.32737	13.59579	1.57284	0	0.22595	0.62501	20.78909	1.57531	1	0	0.00000	23	CLIENT2_READY	
SMP	777.11688	0.29441	0.32737	13.59579	1.57284	0	0.22012	0.62793	25.23792	1.57531	1	0	0.00000	23	CLIENT2_READY	
SMP	777.13330	0.29441	0.32737	13.59579	1.57284	0	0.21774	0.62673	27.76762	1.57531	1	0	0.00000	23	CLIENT2_READY	
SMP	777.15430	0.29441	0.32737	13.59579	1.57284	0	0.22263	0.62805	21.16309	1.57531	1	0	0.00000	23	CLIENT2_READY	
SMP	777.16614	0.29441	0.32737	13.59579	1.57284	0	0.21685	0.62862	24.05720	1.57531	1	0	0.00000	23	CLIENT2_READY	
SMP	777.18274	0.29441	0.32737	13.59579	1.57284	0	0.21554	0.62468	27.23769	1.57531	1	0	0.00000	23	CLIENT2_READY	
SMP	777.20923	0.29441	0.32737	13.59579	1.57284	0	0.21833	0.62801	21.56868	1.57531	1	0	0.00000	23	CLIENT2_READY	
SMP	777.21558	0.29441	0.32737	13.59579	1.57284	0	0.21444	0.62959	25.68964	1.57531	1	0	0.00000	23	CLIENT2_READY	
SMP	777.23193	0.29441	0.32737	13.59579	1.57284	0	0.21289	0.63361	26.50960	1.57531	1	0	0.00000	23	CLIENT2_READY	
SMP	777.24933	0.29441	0.32737	13.59579	1.57284	0	0.21565	0.63205	20.44180	1.57531	1	0	0.00000	23	CLIENT2_READY	
SMP	777.26471	0.29441	0.32737	13.59579	1.57284	0	0.21117	0.63463	23.37356	1.57531	1	0	0.00000	23	CLIENT2_READY	
SMP	777.28198	0.29441	0.32737	13.59579	1.57284	0	0.20950	0.63446	25.90094	1.57531	1	0	0.00000	23	CLIENT2_READY	
SMP	777.29761	0.29441	0.32737	13.59579	1.57284	0	0.21265	0.63493	21.08508	1.57531	1	0	0.00000	23	CLIENT2_READY	
SMP	777.31409	0.29441	0.32737	13.59579	1.57284	0	0.20903	0.63748	23.52971	1.57531	1	0	0.00000	23	CLIENT2_READY	
SMP	777.33051	0.29441	0.32737	13.59579	1.57284	0	0.20769	0.63801	25.32945	1.57531	1	0	0.00000	23	CLIENT2_READY	
SMP	777.34790	0.29441	0.32737	13.59579	1.57284	0	0.21003	0.63511	20.95854	1.57531	1	0	0.00000	23	CLIENT2_READY	
SMP	777.36334	0.29441	0.32737	13.59579	1.57284	0	0.20743	0.63857	23.77494	1.57531	1	0	0.00000	23	CLIENT2_READY	
SMP	777.37970	0.29441	0.32737	13.59579	1.57284	0	0.20661	0.64074	26.01316	1.57531	1	0	0.00000	23	CLIENT2_READY	
SMP	777.39624	0.29441	0.32737	13.59579	1.57284	0	0.20805	0.63987	20.94988	1.57531	1	0	0.00000	23	CLIENT2_READY	
SMP	777.41357	0.29441	0.32737	13.59579	1.57284	0	0.20646	0.64286	22.08377	1.57531	1	0	0.00000	23	CLIENT2_READY	
SMP	777.43365	0.29441	0.32737	13.59579	1.57284	0	0.20570	0.64757	26.41473	1.57531	1	0	0.00000	23	CLIENT2_READY	
SMP	777.44550	0.29441	0.32737	13.59579	1.57284	0	0.20667	0.64533	21.13408	1.57531	1	0	0.00000	23	CLIENT2_READY	
SMP	777.46283	0.29441	0.32737	13.59579	1.57284	0	0.20560	0.64510	22.34868	1.57531	1	0	0.00000	23	CLIENT2_READY	
SMP	777.48346	0.29441	0.32737	13.59579	1.57284	0	0.20482	0.64393	24.25486	1.57531	1	0	0.00000	23	CLIENT2_READY	
SMP	777.49475	0.29441	0.32737	13.59579	1.57284	0	0.20551	0.64194	21.72301	1.57531	1	0	0.00000	23	CLIENT2_READY	
SMP	777.51123	0.29441	0.32737	13.59579	1.57284	0	0.20540	0.64725	22.54612	1.57531	1	0	0.00000	23	CLIENT2_READY	
SMP	777.52826	0.29441	0.32737	13.59579	1.57284	0	0.20547	0.64898	22.55809	1.57531	1	0	0.00000	23	CLIENT2_READY	
SMP	777.54456	0.29441	0.32737	13.59579	1.57284	0	0.20487	0.64583	20.38034	1.57531	1	0	0.00000	23	CLIENT2_READY	
SMP	777.56049	0.29441	0.32737	13.59579	1.57284	0	0.20442	0.64801	20.46714	1.57531	1	0	0.00000	23	CLIENT2_READY	
SMP	777.57690	0.29441	0.32737	13.59579	1.57284	0	0.20464	0.65236	20.63373	1.57531	1	0	0.00000	23	CLIENT2_READY	
SMP	777.59326	0.29441	0.32737	13.59579	1.57284	0	0.20438	0.64729	20.32799	1.57531	1	0	0.00000	23	CLIENT2_READY	
SMP	777.61218	0.29441	0.32737	13.59579	1.57284	0	0.20463	0.65065	21.32820	1.57531	1	0	0.00000	23	CLIENT2_READY	
SMP	777.62793	0.29441	0.32737	13.59579	1.57284	0	0.20496	0.65146	21.93315	1.57531	1	0	0.00000	23	CLIENT2_READY	
SMP	777.64258	0.29441	0.32737	13.59579	1.57284	0	0.20402	0.65119	20.65288	1.57531	1	0	0.00000	23	CLIENT2_READY	
SMP	777.65906	0.29441	0.32737	13.59579	1.57284	0	0.20259	0.65259	19.51929	1.57531	1	0	0.00000	23	CLIENT2_READY	
SMP	777.67651	0.29441	0.32737	13.59579	1.57284	0	0.20332	0.65468	20.24813	1.57531	1	0	0.00000	23	CLIENT2_READY	
SMP	777.69196	0.29441	0.32737	13.59579	1.57284	0	0.20387	0.65217	19.20728	1.57531	1	0	0.00000	23	CLIENT2_READY	
SMP	777.70850	0.29441	0.32737	13.59579	1.57284	0	0.20421	0.65653	19.21965	1.57531	1	0	0.00000	23	CLIENT2_READY	
SMP	777.72473	0.29441	0.32737	13.59579	1.57284	0	0.20408	0.65819	19.68720	1.57531	1	0	0.00000	22	CLIENT2_READY	
SMP	777.74219	0.29441	0.32737	13.59579	1.57284	0	0.20397	0.65524	19.60750	1.57531	1	0	0.00000	22	CLIENT2_READY	
SMP	777.75995	0.29441	0.32737	13.59579	1.57284	0	0.20378	0.65572	18.49950	1.57531	1	0	0.00000	22	CLIENT2_READY	
SMP	777.77399	0.29441	0.32737	13.59579	1.57284	0	0.20463	0.65794	20.25531	1.57531	1	0	0.00000	22	CLIENT2_READY	
SMP	777.79041	0.29441	0.32737	13.59579	1.57284	0	0.20338	0.65426	18.07351	1.57531	1	0	0.00000	22	CLIENT2_READY	
SMP	777.80951	0.29441	0.32737	13.59579	1.57284	0	0.20332	0.65789	16.22562	1.57531	1	0	0.00000	22	CLIENT2_READY	
SMP	777.82330	0.29441	0.32737	13.59579	1.57284	0	0.20344	0.65719	18.71366	1.57531	1	0	0.00000	22	CLIENT2_READY	
SMP	777.83972	0.29441	0.32737	13.59579	1.57284	0	0.20385	0.65468	18.20339	1.57531	1	0	0.00000	22	CLIENT2_READY	
SMP	777.85712	0.29441	0.32737	13.59579	1.57284	0	0.20338	0.65551	16.59156	1.57531	1	0	0.00000	22	CLIENT2_READY	
SMP	777.87262	0.29441	0.32737	13.59579	1.57284	0	0.20347	0.65587	17.61537	1.57531	1	0	0.00000	22	CLIENT2_READY	
SMP	777.89008	0.29441	0.32737	13.59579	1.57284	0	0.20388	0.65642	17.50949	1.57531	1	0	0.00000	22	CLIENT2_READY	
SMP	777.90643	0.29441	0.32737	13.59579	1.57284	0	0.20322	0.65712	16.65142	1.57531	1	0	0.00000	22	CLIENT2_READY	
SMP	777.92181	0.29441	0.32737	13.59579	1.57284	0	0.20310	0.65699	17.96022	1.57531	1	0	0.00000	22	CLIENT2_READY	
SMP	777.93829	0.29441	0.32737	13.59579	1.57284	0	0.20317	0.65795	18.55500	1.57531	1	0	0.00000	22	CLIENT2_READY	
SMP	777.95471	0.29441	0.32737	13.59579	1.57284	0	0.20183	0.65418	15.50116	1.57531	1	0	0.00000	22	CLIENT2_READY	
SMP	777.97113	0.29441	0.32737	13.59579	1.57284	0	0.20183	0.65418	15.50116	1.57531	0	0	0.00000	22	CLIENT2_READY	
SMP	777.98755	0.29441	0.32737	13.59579	1.57284	0	0.20183	0.65418	15.50116	1.57531	0	0	0.00000	22	CLIENT2_READY	
SMP	778.00403	0.29441	0.32737	13.59579	1.57284	0	0.20183	0.65418	15.50116	1.57531	0	140	0.00000	22	CLIENT2_READY	
SMP	778.02039	0.29441	0.32737	13.59579	1.57284	0	0.20183	0.65418	15.50116	1.57531	0	140	0.00000	22	CLIENT2_READY	
SMP	778.03693	0.29441	0.32737	13.59579	1.57284	0	0.20183	0.65418	15.50116	1.57531	0	140	0.00000	22	CLIENT2_READY	
SMP	778.05328	0.29441	0.32737	13.59579	1.57284	0	0.20183	0.65418	15.50116	1.57531	0	140	0.00000	22	CLIENT2_READY	
SMP	778.07080	0.29441	0.32737	13.59579	1.57284	0	0.20183	0.65418	15.50116	1.57531	0	140	0.00000	22	CLIENT2_READY	
SMP	778.09064	0.29441	0.32737	13.59579	1.57284	0	0.20183	0.65418	15.50116	1.57531	0	140	0.00000	22	CLIENT2_READY	
SMP	778.10260	0.29441	0.32737	13.59579	1.57284	0	0.20183	0.65418	15.50116	1.57531	0	140	0.00000	22	CLIENT2_READY	
SMP	778.12262	0.29441	0.32737	13.59579	1.57284	0	0.20183	0.65418	15.50116	1.57531	0	140	0.00000	22	CLIENT2_READY	
MSG	778.1276	TRIAL1
SMP	778.13562	0.29441	0.32737	13.59579	1.57284	0	0.20183	0.65418	15.50116	1.57531	0	140	0.00000	22	TRIAL1	
SMP	778.15192	0.29441	0.32737	13.59579	1.57284	0	0.20183	0.65418	15.50116	1.57531	0	140	0.00000	22	TRIAL1	
SMP	778.16827	0.29441	0.32737	13.59579	1.57284	0	0.20183	0.65418	15.50116	1.57531	0	140	0.00000	22	TRIAL1	
SMP	778.18567	0.29441	0.32737	13.59579	1.57284	0	0.20116	0.65872	16.87850	1.57531	1	0	0.18164	23	TRIAL1	
SMP	778.20215	0.29441	0.32737	13.59579	1.57284	0	0.20132	0.65858	15.37955	1.57531	1	0	0.00000	23	TRIAL1	
SMP	778.21759	0.29441	0.32737	13.59579	1.57284	0	0.20132	0.65858	15.37955	1.57531	0	0	0.00000	23	TRIAL1	
SMP	778.23395	0.29441	0.32737	13.59579	1.57284	0	0.20132	0.65858	15.37955	1.57531	0	0	0.00000	23	TRIAL1	
SMP	778.25049	0.29441	0.32737	13.59579	1.57284	0	0.20132	0.65858	15.37955	1.57531	0	0	0.00000	23	TRIAL1	
SMP	778.26685	0.29441	0.32737	13.59579	1.57284	0	0.20132	0.65858	15.37955	1.57531	0	0	0.00000	23	TRIAL1	
SMP	778.28326	0.29441	0.32737	13.59579	1.57284	0	0.20132	0.65858	15.37955	1.57531	0	0	0.00000	23	TRIAL1	
SMP	778.29968	0.29441	0.32737	13.59579	1.57284	0	0.20132	0.65858	15.37955	1.57531	0	0	0.00000	23	TRIAL1	
SMP	778.31610	0.29441	0.32737	13.59579	1.57284	0	0.20132	0.65858	15.37955	1.57531	0	0	0.00000	23	TRIAL1	
SMP	778.33258	0.29441	0.32737	13.59579	1.57284	0	0.20132	0.65858	15.37955	1.57531	0	0	0.00000	23	TRIAL1	
SMP	778.34894	0.29441	0.32737	13.59579	1.57284	0	0.20132	0.65858	15.37955	1.57531	0	0	0.00000	23	TRIAL1	
SMP	778.36572	0.29441	0.32737	13.59579	1.57284	0	0.20132	0.65858	15.37955	1.57531	0	0	0.00000	23	TRIAL1	
SMP	778.38190	0.29441	0.32737	13.59579	1.57284	0	0.20132	0.65858	15.37955	1.57531	0	0	0.00000	23	TRIAL1	
SMP	778.39825	0.29441	0.32737	13.59579	1.57284	0	0.20132	0.65858	15.37955	1.57531	0	0	0.00000	23	TRIAL1	
SMP	778.41693	0.29441	0.32737	13.59579	1.57284	0	0.20132	0.65858	15.37955	1.57531	0	0	0.00000	23	TRIAL1	
SMP	778.43109	0.29441	0.32737	13.59579	1.57284	0	0.20132	0.65858	15.37955	1.57531	0	0	0.00000	23	TRIAL1	
SMP	778.44751	0.29441	0.32737	13.59579	1.57284	0	0.20132	0.65858	15.37955	1.57531	0	0	0.00000	23	TRIAL1	
SMP	778.46393	0.29441	0.32737	13.59579	1.57284	0	0.20132	0.65858	15.37955	1.57531	0	0	0.00000	23	TRIAL1	
SMP	778.48035	0.29441	0.32737	13.59579	1.57284	0	0.20132	0.65858	15.37955	1.57531	0	0	0.00000	23	TRIAL1	
SMP	778.49689	0.29441	0.32737	13.59579	1.57284	0	0.20132	0.65858	15.37955	1.57531	0	0	0.00000	23	TRIAL1	
SMP	778.51422	0.29441	0.32737	13.59579	1.57284	0	0.20132	0.65858	15.37955	1.57531	0	0	0.00000	23	TRIAL1	
SMP	778.52960	0.29441	0.32737	13.59579	1.57284	0	0.20132	0.65858	15.37955	1.57531	0	0	0.00000	23	TRIAL1	
SMP	778.54706	0.29441	0.32737	13.59579	1.57284	0	0.20132	0.65858	15.37955	1.57531	0	0	0.00000	23	TRIAL1	
SMP	778.56256	0.29441	0.32737	13.59579	1.57284	0	0.20132	0.65858	15.37955	1.57531	0	0	0.00000	23	TRIAL1	
SMP	778.57898	0.29441	0.32737	13.59579	1.57284	0	0.20132	0.65858	15.37955	1.57531	0	0	0.00000	23	TRIAL1	
SMP	778.59540	0.29441	0.32737	13.59579	1.57284	0	0.20132	0.65858	15.37955	1.57531	0	0	0.00000	23	TRIAL1	
SMP	778.61182	0.29441	0.32737	13.59579	1.57284	0	0.20132	0.65858	15.37955	1.57531	0	0	0.00000	23	TRIAL1	
SMP	778.62823	0.29441	0.32737	13.59579	1.57284	0	0.20132	0.65858	15.37955	1.57531	0	0	0.00000	23	TRIAL1	
SMP	778.64465	0.29441	0.32737	13.59579	1.57284	0	0.20132	0.65858	15.37955	1.57531	0	0	0.00000	23	TRIAL1	
SMP	778.66107	0.29441	0.32737	13.59579	1.57284	0	0.20132	0.65858	15.37955	1.57531	0	0	0.00000	23	TRIAL1	
SMP	778.67767	0.29441	0.32737	13.59579	1.57284	0	0.20132	0.65858	15.37955	1.57531	0	0	0.00000	23	TRIAL1	
SMP	778.69867	0.29441	0.32737	13.59579	1.57284	0	0.20132	0.65858	15.37955	1.57531	0	0	0.00000	23	TRIAL1	
SMP	778.71039	0.29441	0.32737	13.59579	1.57284	0	0.20132	0.65858	15.37955	1.57531	0	0	0.00000	23	TRIAL1	
SMP	778.72675	0.29441	0.32737	13.59579	1.57284	0	0.20132	0.65858	15.37955	1.57531	0	0	0.00000	23	TRIAL1	
SMP	778.74396	0.29441	0.32737	13.59579	1.57284	0	0.20132	0.65858	15.37955	1.57531	0	0	0.00000	23	TRIAL1	
SMP	778.76056	0.29441	0.32737	13.59579	1.57284	0	0.20132	0.65858	15.37955	1.57531	0	0	0.00000	23	TRIAL1	
SMP	778.77606	0.29441	0.32737	13.59579	1.57284	0	0.20132	0.65858	15.37955	1.57531	0	0	0.00000	23	TRIAL1	
SMP	778.79254	0.29441	0.32737	13.59579	1.57284	0	0.20132	0.65858	15.37955	1.57531	0	0	0.00000	23	TRIAL1	
SMP	778.80896	0.29441	0.32737	13.59579	1.57284	0	0.20132	0.65858	15.37955	1.57531	0	0	0.00000	23	TRIAL1	
SMP	778.82629	0.29441	0.32737	13.59579	1.57284	0	0.20132	0.65858	15.37955	1.57531	0	0	0.00000	23	TRIAL1	
SMP	778.84180	0.29441	0.32737	13.59579	1.57284	0	0.20132	0.65858	15.37955	1.57531	0	0	0.00000	23	TRIAL1	
SMP	778.85828	0.29441	0.32737	13.59579	1.57284	0	0.20132	0.65858	15.37955	1.57531	0	0	0.00000	23	TRIAL1	
SMP	778.87567	0.29441	0.32737	13.59579	1.57284	0	0.20132	0.65858	15.37955	1.57531	0	0	0.00000	23	TRIAL1	
SMP	778.89105	0.29441	0.32737	13.59579	1.57284	0	0.20132	0.65858	15.37955	1.57531	0	0	0.00000	23	TRIAL1	
SMP	778.90845	0.29441	0.32737	13.59579	1.57284	0	0.20132	0.65858	15.37955	1.57531	0	0	0.00000	23	TRIAL1	
SMP	778.92395	0.29441	0.32737	13.59579	1.57284	0	0.20132	0.65858	15.37955	1.57531	0	0	0.00000	23	TRIAL1	
SMP	778.94037	0.29441	0.32737	13.59579	1.57284	0	0.20132	0.65858	15.37955	1.57531	0	0	0.00000	23	TRIAL1	
SMP	778.95685	0.29441	0.32737	13.59579	1.57284	0	0.20132	0.65858	15.37955	1.57531	0	0	0.00000	23	TRIAL1	
SMP	778.97321	0.29441	0.32737	13.59579	1.57284	0	0.20132	0.65858	15.37955	1.57531	0	0	0.00000	23	TRIAL1	
SMP	778.99072	0.29441	0.32737	13.59579	1.57284	0	0.20132	0.65858	15.37955	1.57531	0	0	0.00000	23	TRIAL1	
SMP	779.00702	0.29441	0.32737	13.59579	1.57284	0	0.20132	0.65858	15.37955	1.57531	0	0	0.00000	23	TRIAL1	
SMP	779.02509	0.29441	0.32737	13.59579	1.57284	0	0.20132	0.65858	15.37955	1.57531	0	0	0.00000	23	TRIAL1	
SMP	779.03900	0.29441	0.32737	13.59579	1.57284	0	0.20132	0.65858	15.37955	1.57531	0	0	0.00000	23	TRIAL1	
SMP	779.05640	0.29441	0.32737	13.59579	1.57284	0	0.20132	0.65858	15.37955	1.57531	0	0	0.00000	23	TRIAL1	
SMP	779.07184	0.29441	0.32737	13.59579	1.57284	0	0.20132	0.65858	15.37955	1.57531	0	0	0.00000	23	TRIAL1	
SMP	779.08917	0.29441	0.32737	13.59579	1.57284	0	0.20132	0.65858	15.37955	1.57531	0	0	0.00000	23	TRIAL1	
SMP	779.10565	0.29441	0.32737	13.59579	1.57284	0	0.20132	0.65858	15.37955	1.57531	0	0	0.00000	23	TRIAL1	
SMP	779.12103	0.29441	0.32737	13.59579	1.57284	0	0.20132	0.65858	15.37955	1.57531	0	0	0.00000	23	TRIAL1	
SMP	779.13745	0.29441	0.32737	13.59579	1.57284	0	0.20132	0.65858	15.37955	1.57531	0	0	0.00000	23	TRIAL1	
SMP	779.15399	0.29441	0.32737	13.59579	1.57284	0	0.20132	0.65858	15.37955	1.57531	0	0	0.00000	23	TRIAL1	
SMP	779.17035	0.29441	0.32737	13.59579	1.57284	0	0.20132	0.65858	15.37955	1.57531	0	0	0.00000	23	TRIAL1	
SMP	779.18677	0.29441	0.32737	13.59579	1.57284	0	0.20132	0.65858	15.37955	1.57531	0	0	0.00000	23	TRIAL1	
SMP	779.20416	0.29441	0.32737	13.59579	1.57284	0	0.20132	0.65858	15.37955	1.57531	0	0	0.00000	23	TRIAL1	
SMP	779.21960	0.29441	0.32737	13.59579	1.57284	0	0.20132	0.65858	15.37955	1.57531	0	0	0.00000	23	TRIAL1	
SMP	779.23602	0.29441	0.32737	13.59579	1.57284	0	0.20132	0.65858	15.37955	1.57531	0	0	0.00000	23	TRIAL1	
SMP	779.25348	0.29441	0.32737	13.59579	1.57284	0	0.20132	0.65858	15.37955	1.57531	0	0	0.00000	23	TRIAL1	
SMP	779.26898	0.29441	0.32737	13.59579	1.57284	0	0.20132	0.65858	15.37955	1.57531	0	0	0.00000	23	TRIAL1	
SMP	779.28540	0.29441	0.32737	13.59579	1.57284	0	0.20132	0.65858	15.37955	1.57531	0	0	0.00000	23	TRIAL1	
SMP	779.30670	0.29441	0.32737	13.59579	1.57284	0	0.20132	0.65858	15.37955	1.57531	0	0	0.00000	23	TRIAL1	
SMP	779.31818	0.29441	0.32737	13.59579	1.57284	0	0.20132	0.65858	15.37955	1.57531	0	0	0.00000	23	TRIAL1	
SMP	779.33466	0.29441	0.32737	13.59579	1.57284	0	0.20132	0.65858	15.37955	1.57531	0	0	0.00000	23	TRIAL1	
SMP	779.35150	0.29441	0.32737	13.59579	1.57284	0	0.20132	0.65858	15.37955	1.57531	0	0	0.00000	23	TRIAL1	
SMP	779.36755	0.29441	0.32737	13.59579	1.57284	0	0.20132	0.65858	15.37955	1.57531	0	0	0.00000	23	TRIAL1	
SMP	779.38495	0.29441	0.32737	13.59579	1.57284	0	0.20132	0.65858	15.37955	1.57531	0	0	0.00000	23	TRIAL1	
SMP	779.40033	0.29441	0.32737	13.59579	1.57284	0	0.20132	0.65858	15.37955	1.57531	0	0	0.00000	23	TRIAL1	
SMP	779.41675	0.29441	0.32737	13.59579	1.57284	0	0.20132	0.65858	15.37955	1.57531	0	0	0.00000	23	TRIAL1	
SMP	779.43323	0.29441	0.32737	13.59579	1.57284	0	0.20132	0.65858	15.37955	1.57531	0	0	0.00000	23	TRIAL1	
SMP	779.44971	0.29441	0.32737	13.59579	1.57284	0	0.20132	0.65858	15.37955	1.57531	0	0	0.00000	23	TRIAL1	
SMP	779.46606	0.29441	0.32737	13.59579	1.57284	0	0.20132	0.65858	15.37955	1.57531	0	0	0.00000	23	TRIAL1	
SMP	779.48248	0.29441	0.32737	13.59579	1.57284	0	0.20132	0.65858	15.37955	1.57531	0	0	0.00000	23	TRIAL1	
SMP	779.49890	0.29441	0.32737	13.59579	1.57284	0	0.20132	0.65858	15.37955	1.57531	0	0	0.00000	23	TRIAL1	
SMP	779.51532	0.29441	0.32737	13.59579	1.57284	0	0.20132	0.65858	15.37955	1.57531	0	0	0.00000	23	TRIAL1	
SMP	779.53180	0.29441	0.32737	13.59579	1.57284	0	0.20132	0.65858	15.37955	1.57531	0	0	0.00000	23	TRIAL1	
SMP	779.54822	0.29441	0.32737	13.59579	1.57284	0	0.20132	0.65858	15.37955	1.57531	0	0	0.00000	23	TRIAL1	
SMP	779.56464	0.29441	0.32737	13.59579	1.57284	0	0.20132	0.65858	15.37955	1.57531	0	0	0.00000	23	TRIAL1	
SMP	779.58099	0.29441	0.32737	13.59579	1.57284	0	0.20132	0.65858	15.37955	1.57531	0	0	0.00000	23	TRIAL1	
SMP	779.59851	0.29441	0.32737	13.59579	1.57284	0	0.20132	0.65858	15.37955	1.57531	0	0	0.00000	23	TRIAL1	
SMP	779.61395	0.29441	0.32737	13.59579	1.57284	0	0.20132	0.65858	15.37955	1.57531	0	0	0.00000	23	TRIAL1	
SMP	779.63525	0.29441	0.32737	13.59579	1.57284	0	0.20132	0.65858	15.37955	1.57531	0	0	0.00000	23	TRIAL1	
SMP	779.64673	0.29441	0.32737	13.59579	1.57284	0	0.20132	0.65858	15.37955	1.57531	0	0	0.00000	23	TRIAL1	
SMP	779.66321	0.29441	0.32737	13.59579	1.57284	0	0.20132	0.65858	15.37955	1.57531	0	0	0.00000	23	TRIAL1	
SMP	779.67987	0.29441	0.32737	13.59579	1.57284	0	0.20132	0.65858	15.37955	1.57531	0	0	0.00000	23	TRIAL1	
SMP	779.69653	0.29441	0.32737	13.59579	1.57284	0	0.20132	0.65858	15.37955	1.57531	0	0	0.00000	23	TRIAL1	
SMP	779.71649	0.29441	0.32737	13.59579	1.57284	0	0.20132	0.65858	15.37955	1.57531	0	0	0.00000	23	TRIAL1	
SMP	779.72925	0.29441	0.32737	13.59579	1.57284	0	0.20132	0.65858	15.37955	1.57531	0	0	0.00000	23	TRIAL1	
SMP	779.74872	0.29441	0.32737	13.59579	1.57284	0	0.20132	0.65858	15.37955	1.57531	0	0	0.00000	23	TRIAL1	
SMP	779.76172	0.29441	0.32737	13.59579	1.57284	0	0.20132	0.65858	15.37955	1.57531	0	0	0.00000	23	TRIAL1	
SMP	779.77917	0.29441	0.32737	13.59579	1.57284	0	0.20132	0.65858	15.37955	1.57531	0	0	0.00000	23	TRIAL1	
SMP	779.79462	0.29441	0.32737	13.59579	1.57284	0	0.20132	0.65858	15.37955	1.57531	0	0	0.00000	23	TRIAL1	
SMP	779.81104	0.29441	0.32737	13.59579	1.57284	0	0.20132	0.65858	15.37955	1.57531	0	0	0.00000	23	TRIAL1	
SMP	779.82758	0.29441	0.32737	13.59579	1.57284	0	0.20132	0.65858	15.37955	1.57531	0	0	0.00000	23	TRIAL1	
SMP	779.84491	0.29441	0.32737	13.59579	1.57284	0	0.20132	0.65858	15.37955	1.57531	0	0	0.00000	23	TRIAL1	
SMP	779.86029	0.29441	0.32737	13.59579	1.57284	0	0.20132	0.65858	15.37955	1.57531	0	0	0.00000	23	TRIAL1	
SMP	779.87781	0.29441	0.32737	13.59579	1.57284	0	0.20132	0.65858	15.37955	1.57531	0	0	0.00000	23	TRIAL1	
SMP	779.89319	0.29441	0.32737	13.59579	1.57284	0	0.20132	0.65858	15.37955	1.57531	0	0	0.00000	23	TRIAL1	
SMP	779.91119	0.29441	0.32737	13.59579	1.57284	0	0.20132	0.65858	15.37955	1.57531	0	0	0.00000	23	TRIAL1	
SMP	779.92596	0.29441	0.32737	13.59579	1.57284	0	0.20132	0.65858	15.37955	1.57531	0	0	0.00000	23	TRIAL1	
SMP	779.94354	0.29441	0.32737	13.59579	1.57284	0	0.20132	0.65858	15.37955	1.57531	0	0	0.00000	23	TRIAL1	
SMP	779.96136	0.29441	0.32737	13.59579	1.57284	0	0.20132	0.65858	15.37955	1.57531	0	0	0.00000	23	TRIAL1	
SMP	779.97638	0.29441	0.32737	13.59579	1.57284	0	0.20132	0.65858	15.37955	1.57531	0	0	0.00000	23	TRIAL1	
SMP	779.99176	0.29441	0.32737	13.59579	1.57284	0	0.20132	0.65858	15.37955	1.57531	0	0	0.00000	23	TRIAL1	
SMP	780.00818	0.29441	0.32737	13.59579	1.57284	0	0.20132	0.65858	15.37955	1.57531	0	0	0.00000	23	TRIAL1	
SMP	780.02460	0.29441	0.32737	13.59579	1.57284	0	0.20132	0.65858	15.37955	1.57531	0	0	0.00000	23	TRIAL1	
SMP	780.04108	0.29441	0.32737	13.59579	1.57284	0	0.20132	0.65858	15.37955	1.57531	0	0	0.00000	23	TRIAL1	
SMP	780.05743	0.29441	0.32737	13.59579	1.57284	0	0.20132	0.65858	15.37955	1.57531	0	0	0.00000	23	TRIAL1	
SMP	780.07489	0.29441	0.32737	13.59579	1.57284	0	0.20132	0.65858	15.37955	1.57531	0	0	0.00000	23	TRIAL1	
SMP	780.09033	0.29441	0.32737	13.59579	1.57284	0	0.20132	0.65858	15.37955	1.57531	0	0	0.00000	23	TRIAL1	
SMP	780.10675	0.29441	0.32737	13.59579	1.57284	0	0.20132	0.65858	15.37955	1.57531	0	0	0.00000	23	TRIAL1	
SMP	780.12317	0.29441	0.32737	13.59579	1.57284	0	0.20132	0.65858	15.37955	1.57531	0	0	0.00000	23	TRIAL1	
SMP	780.14069	0.29441	0.32737	13.59579	1.57284	0	0.20132	0.65858	15.37955	1.57531	0	0	0.00000	23	TRIAL1	
MSG	780.1481	TRIAL2
SMP	780.15607	0.29441	0.32737	13.59579	1.57284	0	0.20132	0.65858	15.37955	1.57531	0	0	0.00000	23	TRIAL2	
SMP	780.17242	0.29441	0.32737	13.59579	1.57284	0	0.20132	0.65858	15.37955	1.57531	0	0	0.00000	23	TRIAL2	
SMP	780.18884	0.29441	0.32737	13.59579	1.57284	0	0.20132	0.65858	15.37955	1.57531	0	0	0.00000	23	TRIAL2	
SMP	780.20630	0.29441	0.32737	13.59579	1.57284	0	0.20132	0.65858	15.37955	1.57531	0	0	0.00000	23	TRIAL2	
SMP	780.22174	0.29441	0.32737	13.59579	1.57284	0	0.20132	0.65858	15.37955	1.57531	0	0	0.00000	23	TRIAL2	
SMP	780.24182	0.29441	0.32737	13.59579	1.57284	0	0.20132	0.65858	15.37955	1.57531	0	0	0.00000	23	TRIAL2	
SMP	780.25458	0.29441	0.32737	13.59579	1.57284	0	0.20132	0.65858	15.37955	1.57531	0	0	0.00000	23	TRIAL2	
SMP	780.27100	0.29441	0.32737	13.59579	1.57284	0	0.20132	0.65858	15.37955	1.57531	0	0	0.00000	23	TRIAL2	
SMP	780.28821	0.29441	0.32737	13.59579	1.57284	0	0.20132	0.65858	15.37955	1.57531	0	0	0.00000	23	TRIAL2	
SMP	780.30389	0.29441	0.32737	13.59579	1.57284	0	0.20132	0.65858	15.37955	1.57531	0	0	0.00000	23	TRIAL2	
SMP	780.32123	0.29441	0.32737	13.59579	1.57284	0	0.20132	0.65858	15.37955	1.57531	0	0	0.00000	23	TRIAL2	
SMP	780.33673	0.29441	0.32737	13.59579	1.57284	0	0.20132	0.65858	15.37955	1.57531	0	0	0.00000	23	TRIAL2	
SMP	780.35315	0.29441	0.32737	13.59579	1.57284	0	0.20132	0.65858	15.37955	1.57531	0	0	0.00000	23	TRIAL2	
SMP	780.36957	0.29441	0.32737	13.59579	1.57284	0	0.20132	0.65858	15.37955	1.57531	0	0	0.00000	23	TRIAL2	
SMP	780.38708	0.29441	0.32737	13.59579	1.57284	0	0.20132	0.65858	15.37955	1.57531	0	0	0.00000	23	TRIAL2	
SMP	780.40240	0.29441	0.32737	13.59579	1.57284	0	0.20132	0.65858	15.37955	1.57531	0	0	0.00000	23	TRIAL2	
SMP	780.41882	0.29441	0.32737	13.59579	1.57284	0	0.20132	0.65858	15.37955	1.57531	0	0	0.00000	23	TRIAL2	
SMP	780.43530	0.29441	0.32737	13.59579	1.57284	0	0.20132	0.65858	15.37955	1.57531	0	0	0.00000	23	TRIAL2	
SMP	780.45270	0.29441	0.32737	13.59579	1.57284	0	0.20132	0.65858	15.37955	1.57531	0	0	0.00000	23	TRIAL2	
SMP	780.46912	0.29441	0.32737	13.59579	1.57284	0	0.20132	0.65858	15.37955	1.57531	0	0	0.00000	23	TRIAL2	
SMP	780.48462	0.29441	0.32737	13.59579	1.57284	0	0.20132	0.65858	15.37955	1.57531	0	0	0.00000	23	TRIAL2	
SMP	780.50098	0.29441	0.32737	13.59579	1.57284	0	0.20132	0.65858	15.37955	1.57531	0	0	0.00000	23	TRIAL2	
SMP	780.51746	0.29441	0.32737	13.59579	1.57284	0	0.20132	0.65858	15.37955	1.57531	0	0	0.00000	23	TRIAL2	
SMP	780.53485	0.29441	0.32737	13.59579	1.57284	0	0.20132	0.65858	15.37955	1.57531	0	0	0.00000	23	TRIAL2	
SMP	780.55127	0.29441	0.32737	13.59579	1.57284	0	0.20132	0.65858	15.37955	1.57531	0	0	0.00000	23	TRIAL2	
SMP	780.56873	0.29441	0.32737	13.59579	1.57284	0	0.20132	0.65858	15.37955	1.57531	0	0	0.00000	23	TRIAL2	
SMP	780.58307	0.29441	0.32737	13.59579	1.57284	0	0.20132	0.65858	15.37955	1.57531	0	0	0.00000	23	TRIAL2	
SMP	780.59955	0.29441	0.32737	13.59579	1.57284	0	0.20132	0.65858	15.37955	1.57531	0	0	0.00000	23	TRIAL2	
SMP	780.61804	0.29441	0.32737	13.59579	1.57284	0	0.20132	0.65858	15.37955	1.57531	0	0	0.00000	23	TRIAL2	
SMP	780.63239	0.29441	0.32737	13.59579	1.57284	0	0.20132	0.65858	15.37955	1.57531	0	0	0.00000	23	TRIAL2	
SMP	780.64880	0.29441	0.32737	13.59579	1.57284	0	0.20132	0.65858	15.37955	1.57531	0	0	0.00000	22	TRIAL2	
SMP	780.66528	0.29441	0.32737	13.59579	1.57284	0	0.20132	0.65858	15.37955	1.57531	0	0	0.00000	22	TRIAL2	
SMP	780.68164	0.29441	0.32737	13.59579	1.57284	0	0.20132	0.65858	15.37955	1.57531	0	0	0.00000	22	TRIAL2	
SMP	780.69916	0.29441	0.32737	13.59579	1.57284	0	0.20132	0.65858	15.37955	1.57531	0	0	0.00000	22	TRIAL2	
SMP	780.71460	0.29441	0.32737	13.59579	1.57284	0	0.20132	0.65858	15.37955	1.57531	0	0	0.00000	22	TRIAL2	
SMP	780.73102	0.29441	0.32737	13.59579	1.57284	0	0.20132	0.65858	15.37955	1.57531	0	0	0.00000	22	TRIAL2	
SMP	780.74738	0.29441	0.32737	13.59579	1.57284	0	0.20132	0.65858	15.37955	1.57531	0	0	0.00000	22	TRIAL2	
SMP	780.76385	0.29441	0.32737	13.59579	1.57284	0	0.20132	0.65858	15.37955	1.57531	0	0	0.00000	22	TRIAL2	
SMP	780.78027	0.29441	0.32737	13.59579	1.57284	0	0.20132	0.65858	15.37955	1.57531	0	0	0.00000	22	TRIAL2	
SMP	780.79663	0.29441	0.32737	13.59579	1.57284	0	0.20132	0.65858	15.37955	1.57531	0	0	0.00000	22	TRIAL2	
SMP	780.81311	0.29441	0.32737	13.59579	1.57284	0	0.20132	0.65858	15.37955	1.57531	0	0	0.00000	22	TRIAL2	
SMP	780.82959	0.29441	0.32737	13.59579	1.57284	0	0.20132	0.65858	15.37955	1.57531	0	0	0.00000	22	TRIAL2	
SMP	780.84973	0.29441	0.32737	13.59579	1.57284	0	0.20132	0.65858	15.37955	1.57531	0	0	0.00000	22	TRIAL2	
SMP	780.86243	0.29441	0.32737	13.59579	1.57284	0	0.20132	0.65858	15.37955	1.57531	0	0	0.00000	22	TRIAL2	
SMP	780.87885	0.29441	0.32737	13.59579	1.57284	0	0.20132	0.65858	15.37955	1.57531	0	0	0.00000	22	TRIAL2	
SMP	780.89874	0.29441	0.32737	13.59579	1.57284	0	0.20132	0.65858	15.37955	1.57531	0	0	0.00000	22	TRIAL2	
SMP	780.91168	0.29441	0.32737	13.59579	1.57284	0	0.20132	0.65858	15.37955	1.57531	0	0	0.00000	22	TRIAL2	
SMP	780.92908	0.29441	0.32737	13.59579	1.57284	0	0.20132	0.65858	15.37955	1.57531	0	0	0.00000	22	TRIAL2	
SMP	780.94458	0.29441	0.32737	13.59579	1.57284	0	0.20132	0.65858	15.37955	1.57531	0	0	0.00000	22	TRIAL2	
SMP	780.96094	0.29441	0.32737	13.59579	1.57284	0	0.20132	0.65858	15.37955	1.57531	0	0	0.00000	22	TRIAL2	
SMP	780.97736	0.29441	0.32737	13.59579	1.57284	0	0.20132	0.65858	15.37955	1.57531	0	0	0.00000	22	TRIAL2	
SMP	780.99377	0.29441	0.32737	13.59579	1.57284	0	0.20132	0.65858	15.37955	1.57531	0	0	0.00000	22	TRIAL2	
SMP	781.01031	0.29441	0.32737	13.59579	1.57284	0	0.20132	0.65858	15.37955	1.57531	0	0	0.00000	22	TRIAL2	
SMP	781.02667	0.29441	0.32737	13.59579	1.57284	0	0.20132	0.65858	15.37955	1.57531	0	0	0.00000	22	TRIAL2	
SMP	781.04309	0.29441	0.32737	13.59579	1.57284	0	0.20132	0.65858	15.37955	1.57531	0	0	0.00000	22	TRIAL2	
SMP	781.05951	0.29441	0.32737	13.59579	1.57284	0	0.20132	0.65858	15.37955	1.57531	0	0	0.00000	22	TRIAL2	
SMP	781.07593	0.29441	0.32737	13.59579	1.57284	0	0.20132	0.65858	15.37955	1.57531	0	0	0.00000	22	TRIAL2	
SMP	781.09235	0.29441	0.32737	13.59579	1.57284	0	0.20132	0.65858	15.37955	1.57531	0	0	0.00000	22	TRIAL2	
SMP	781.10876	0.29441	0.32737	13.59579	1.57284	0	0.20132	0.65858	15.37955	1.57531	0	0	0.00000	22	TRIAL2	
SMP	781.12524	0.29441	0.32737	13.59579	1.57284	0	0.20132	0.65858	15.37955	1.57531	0	0	0.00000	22	TRIAL2	
SMP	781.14172	0.29441	0.32737	13.59579	1.57284	0	0.20132	0.65858	15.37955	1.57531	0	0	0.00000	22	TRIAL2	
SMP	781.15814	0.29441	0.32737	13.59579	1.57284	0	0.20132	0.65858	15.37955	1.57531	0	0	0.00000	22	TRIAL2	
SMP	781.17914	0.29441	0.32737	13.59579	1.57284	0	0.20132	0.65858	15.37955	1.57531	0	0	0.00000	22	TRIAL2	
SMP	781.19092	0.29441	0.32737	13.59579	1.57284	0	0.20132	0.65858	15.37955	1.57531	0	0	0.00000	22	TRIAL2	
SMP	781.20740	0.29441	0.32737	13.59579	1.57284	0	0.20132	0.65858	15.37955	1.57531	0	0	0.00000	22	TRIAL2	
SMP	781.22491	0.29441	0.32737	13.59579	1.57284	0	0.20132	0.65858	15.37955	1.57531	0	0	0.00000	22	TRIAL2	
SMP	781.24023	0.29441	0.32737	13.59579	1.57284	0	0.20132	0.65858	15.37955	1.57531	0	0	0.00000	22	TRIAL2	
SMP	781.25677	0.29441	0.32737	13.59579	1.57284	0	0.20132	0.65858	15.37955	1.57531	0	0	0.00000	22	TRIAL2	
SMP	781.27307	0.29441	0.32737	13.59579	1.57284	0	0.20132	0.65858	15.37955	1.57531	0	0	0.00000	22	TRIAL2	
SMP	781.28949	0.29441	0.32737	13.59579	1.57284	0	0.20132	0.65858	15.37955	1.57531	0	0	0.00000	22	TRIAL2	
SMP	781.30597	0.29441	0.32737	13.59579	1.57284	0	0.20132	0.65858	15.37955	1.57531	0	0	0.00000	22	TRIAL2	
SMP	781.32239	0.29441	0.32737	13.59579	1.57284	0	0.20132	0.65858	15.37955	1.57531	0	0	0.00000	22	TRIAL2	
SMP	781.33875	0.29441	0.32737	13.59579	1.57284	0	0.20132	0.65858	15.37955	1.57531	0	0	0.00000	22	TRIAL2	
SMP	781.35547	0.29441	0.32737	13.59579	1.57284	0	0.20132	0.65858	15.37955	1.57531	0	0	0.00000	22	TRIAL2	
SMP	781.37164	0.29441	0.32737	13.59579	1.57284	0	0.20132	0.65858	15.37955	1.57531	0	0	0.00000	22	TRIAL2	
SMP	781.38812	0.29441	0.32737	13.59579	1.57284	0	0.20132	0.65858	15.37955	1.57531	0	0	0.00000	22	TRIAL2	
SMP	781.40552	0.29441	0.32737	13.59579	1.57284	0	0.20132	0.65858	15.37955	1.57531	0	0	0.00000	22	TRIAL2	
SMP	781.42090	0.29441	0.32737	13.59579	1.57284	0	0.20132	0.65858	15.37955	1.57531	0	0	0.00000	22	TRIAL2	
SMP	781.43738	0.29441	0.32737	13.59579	1.57284	0	0.20132	0.65858	15.37955	1.57531	0	0	0.00000	22	TRIAL2	
SMP	781.45782	0.29441	0.32737	13.59579	1.57284	0	0.20132	0.65858	15.37955	1.57531	0	0	0.00000	22	TRIAL2	
SMP	781.47021	0.29441	0.32737	13.59579	1.57284	0	0.20132	0.65858	15.37955	1.57531	0	0	0.00000	22	TRIAL2	
SMP	781.48767	0.29441	0.32737	13.59579	1.57284	0	0.20132	0.65858	15.37955	1.57531	0	0	0.00000	22	TRIAL2	
SMP	781.50641	0.29441	0.32737	13.59579	1.57284	0	0.20132	0.65858	15.37955	1.57531	0	0	0.00000	22	TRIAL2	
SMP	781.51947	0.29441	0.32737	13.59579	1.57284	0	0.20132	0.65858	15.37955	1.57531	0	0	0.00000	22	TRIAL2	
SMP	781.53693	0.29441	0.32737	13.59579	1.57284	0	0.20132	0.65858	15.37955	1.57531	0	0	0.00000	22	TRIAL2	
SMP	781.55255	0.29441	0.32737	13.59579	1.57284	0	0.20132	0.65858	15.37955	1.57531	0	0	0.00000	22	TRIAL2	
SMP	781.56873	0.29441	0.32737	13.59579	1.57284	0	0.20132	0.65858	15.37955	1.57531	0	0	0.00000	22	TRIAL2	
SMP	781.58527	0.29441	0.32737	13.59579	1.57284	0	0.20132	0.65858	15.37955	1.57531	0	0	0.00000	22	TRIAL2	
SMP	781.60168	0.29441	0.32737	13.59579	1.57284	0	0.20132	0.65858	15.37955	1.57531	0	0	0.00000	22	TRIAL2	
SMP	781.61810	0.29441	0.32737	13.59579	1.57284	0	0.20132	0.65858	15.37955	1.57531	0	0	0.00000	22	TRIAL2	
SMP	781.63452	0.29441	0.32737	13.59579	1.57284	0	0.20132	0.65858	15.37955	1.57531	0	0	0.00000	22	TRIAL2	
SMP	781.65094	0.29441	0.32737	13.59579	1.57284	0	0.20132	0.65858	15.37955	1.57531	0	0	0.00000	22	TRIAL2	
SMP	781.66730	0.29441	0.32737	13.59579	1.57284	0	0.20132	0.65858	15.37955	1.57531	0	0	0.00000	22	TRIAL2	
SMP	781.68481	0.29441	0.32737	13.59579	1.57284	0	0.20132	0.65858	15.37955	1.57531	0	0	0.00000	22	TRIAL2	
SMP	781.70117	0.29441	0.32737	13.59579	1.57284	0	0.20132	0.65858	15.37955	1.57531	0	0	0.00000	22	TRIAL2	
SMP	781.71661	0.29441	0.32737	13.59579	1.57284	0	0.20132	0.65858	15.37955	1.57531	0	0	0.00000	22	TRIAL2	
SMP	781.73303	0.29441	0.32737	13.59579	1.57284	0	0.20132	0.65858	15.37955	1.57531	0	0	0.00000	22	TRIAL2	
SMP	781.74945	0.29441	0.32737	13.59579	1.57284	0	0.20132	0.65858	15.37955	1.57531	0	0	0.00000	22	TRIAL2	
SMP	781.76691	0.29441	0.32737	13.59579	1.57284	0	0.20132	0.65858	15.37955	1.57531	0	0	0.00000	22	TRIAL2	
SMP	781.78693	0.29441	0.32737	13.59579	1.57284	0	0.20132	0.65858	15.37955	1.57531	0	0	0.00000	22	TRIAL2	
SMP	781.79871	0.29441	0.32737	13.59579	1.57284	0	0.20132	0.65858	15.37955	1.57531	0	0	0.00000	22	TRIAL2	
SMP	781.81519	0.29441	0.32737	13.59579	1.57284	0	0.20132	0.65858	15.37955	1.57531	0	0	0.00000	22	TRIAL2	
SMP	781.84442	0.29441	0.32737	13.59579	1.57284	0	0.20132	0.65858	15.37955	1.57531	0	0	0.00000	22	TRIAL2	
SMP	781.84845	0.29441	0.32737	13.59579	1.57284	0	0.20132	0.65858	15.37955	1.57531	0	0	0.00000	22	TRIAL2	
SMP	781.86456	0.29441	0.32737	13.59579	1.57284	0	0.20132	0.65858	15.37955	1.57531	0	0	0.00000	22	TRIAL2	
SMP	781.88092	0.29441	0.32737	13.59579	1.57284	0	0.20132	0.65858	15.37955	1.57531	0	0	0.00000	22	TRIAL2	
SMP	781.89740	0.29441	0.32737	13.59579	1.57284	0	0.20132	0.65858	15.37955	1.57531	0	0	0.00000	22	TRIAL2	
SMP	781.91382	0.29441	0.32737	13.59579	1.57284	0	0.20132	0.65858	15.37955	1.57531	0	0	0.00000	22	TRIAL2	
SMP	781.93018	0.29441	0.32737	13.59579	1.57284	0	0.20132	0.65858	15.37955	1.57531	0	0	0.00000	22	TRIAL2	
SMP	781.94659	0.29441	0.32737	13.59579	1.57284	0	0.20132	0.65858	15.37955	1.57531	0	0	0.00000	22	TRIAL2	
SMP	781.96313	0.29441	0.32737	13.59579	1.57284	0	0.20132	0.65858	15.37955	1.57531	0	0	0.00000	22	TRIAL2	
SMP	781.97949	0.29441	0.32737	13.59579	1.57284	0	0.20132	0.65858	15.37955	1.57531	0	0	0.00000	22	TRIAL2	
SMP	781.99591	0.29441	0.32737	13.59579	1.57284	0	0.20132	0.65858	15.37955	1.57531	0	0	0.00000	22	TRIAL2	
SMP	782.01233	0.29441	0.32737	13.59579	1.57284	0	0.20132	0.65858	15.37955	1.57531	0	0	0.00000	22	TRIAL2	
SMP	782.02881	0.29441	0.32737	13.59579	1.57284	0	0.20132	0.65858	15.37955	1.57531	0	0	0.00000	22	TRIAL2	
SMP	782.04517	0.29441	0.32737	13.59579	1.57284	0	0.20132	0.65858	15.37955	1.57531	0	0	0.00000	22	TRIAL2	
SMP	782.06378	0.29441	0.32737	13.59579	1.57284	0	0.20132	0.65858	15.37955	1.57531	0	0	0.00000	22	TRIAL2	
SMP	782.07806	0.29441	0.32737	13.59579	1.57284	0	0.20132	0.65858	15.37955	1.57531	0	0	0.00000	22	TRIAL2	
SMP	782.09454	0.29441	0.32737	13.59579	1.57284	0	0.20132	0.65858	15.37955	1.57531	0	0	0.00000	22	TRIAL2	
SMP	782.11316	0.29441	0.32737	13.59579	1.57284	0	0.23336	0.59746	14.55739	1.57531	1	0	0.00000	22	TRIAL2	
SMP	782.12738	0.29441	0.32737	13.59579	1.57284	0	0.23336	0.59746	14.55739	1.57531	0	0	0.00000	22	TRIAL2	
SMP	782.14380	0.29441	0.32737	13.59579	1.57284	0	0.23336	0.59746	14.55739	1.57531	0	0	0.00000	22	TRIAL2	
MSG	782.1841	TRIAL3
SMP	782.19208	0.29441	0.32737	13.59579	1.57284	0	0.23336	0.59746	14.55739	1.57531	0	0	0.00000	22	TRIAL3	
SMP	782.19568	0.29441	0.32737	13.59579	1.57284	0	0.23336	0.59746	14.55739	1.57531	0	0	0.00000	22	TRIAL3	
SMP	782.20947	0.29441	0.32737	13.59579	1.57284	0	0.23336	0.59746	14.55739	1.57531	0	0	0.00000	22	TRIAL3	
SMP	782.22589	0.29441	0.32737	13.59579	1.57284	0	0.23336	0.59746	14.55739	1.57531	0	0	0.00000	22	TRIAL3	
SMP	782.24243	0.29441	0.32737	13.59579	1.57284	0	0.23336	0.59746	14.55739	1.57531	0	0	0.00000	22	TRIAL3	
SMP	782.25897	0.29441	0.32737	13.59579	1.57284	0	0.23336	0.59746	14.55739	1.57531	0	0	0.00000	22	TRIAL3	
SMP	782.27539	0.29441	0.32737	13.59579	1.57284	0	0.23336	0.59746	14.55739	1.57531	0	0	0.00000	22	TRIAL3	
SMP	782.29266	0.29441	0.32737	13.59579	1.57284	0	0.23336	0.59746	14.55739	1.57531	0	0	0.00000	22	TRIAL3	
SMP	782.30798	0.29441	0.32737	13.59579	1.57284	0	0.23336	0.59746	14.55739	1.57531	0	0	0.00000	22	TRIAL3	
SMP	782.32452	0.29441	0.32737	13.59579	1.57284	0	0.23336	0.59746	14.55739	1.57531	0	0	0.00000	22	TRIAL3	
SMP	782.34186	0.29441	0.32737	13.59579	1.57284	0	0.23336	0.59746	14.55739	1.57531	0	0	0.00000	22	TRIAL3	
SMP	782.35736	0.29441	0.32737	13.59579	1.57284	0	0.23336	0.59746	14.55739	1.57531	0	0	0.00000	22	TRIAL3	
SMP	782.37372	0.29441	0.32737	13.59579	1.57284	0	0.23336	0.59746	14.55739	1.57531	0	0	0.00000	22	TRIAL3	
SMP	782.39545	0.29441	0.32737	13.59579	1.57284	0	0.23336	0.59746	14.55739	1.57531	0	0	0.00000	22	TRIAL3	
SMP	782.40656	0.29441	0.32737	13.59579	1.57284	0	0.23336	0.59746	14.55739	1.57531	0	0	0.00000	22	TRIAL3	
SMP	782.42310	0.29441	0.32737	13.59579	1.57284	0	0.23336	0.59746	14.55739	1.57531	0	0	0.00000	22	TRIAL3	
SMP	782.44409	0.29441	0.32737	13.59579	1.57284	0	0.22748	0.60399	11.64981	1.57531	1	0	0.00000	22	TRIAL3	
SMP	782.45587	0.29441	0.32737	13.59579	1.57284	0	0.22640	0.60474	14.28765	1.57531	1	0	0.00000	22	TRIAL3	
SMP	782.47229	0.29441	0.32737	13.59579	1.57284	0	0.22775	0.60601	11.73341	1.57531	1	0	0.00000	22	TRIAL3	
SMP	782.48871	0.29441	0.32737	13.59579	1.57284	0	0.22621	0.60539	11.87779	1.57531	1	0	0.00000	22	TRIAL3	
SMP	782.50525	0.29441	0.32737	13.59579	1.57284	0	0.22522	0.60413	13.14911	1.57531	1	0	0.00000	22	TRIAL3	
SMP	782.52161	0.29441	0.32737	13.59579	1.57284	0	0.22663	0.60434	12.11461	1.57531	1	0	0.00000	22	TRIAL3	
SMP	782.53802	0.29441	0.32737	13.59579	1.57284	0	0.22497	0.60592	10.66626	1.57531	1	0	0.00000	22	TRIAL3	
SMP	782.55457	0.29441	0.32737	13.59579	1.57284	0	0.22456	0.60566	12.90166	1.57531	1	0	0.00000	22	TRIAL3	
SMP	782.57190	0.29441	0.32737	13.59579	1.57284	0	0.22456	0.60566	12.90166	1.57531	0	0	0.00000	22	TRIAL3	
SMP	782.58728	0.29441	0.32737	13.59579	1.57284	0	0.22456	0.60566	12.90166	1.57531	0	0	0.00000	22	TRIAL3	
SMP	782.60468	0.29441	0.32737	13.59579	1.57284	0	0.22456	0.60566	12.90166	1.57531	0	0	0.00000	22	TRIAL3	
SMP	782.62061	0.29441	0.32737	13.59579	1.57284	0	0.22456	0.60566	12.90166	1.57531	0	0	0.00000	22	TRIAL3	
SMP	782.63654	0.29441	0.32737	13.59579	1.57284	0	0.22456	0.60566	12.90166	1.57531	0	0	0.00000	22	TRIAL3	
SMP	782.65302	0.29441	0.32737	13.59579	1.57284	0	0.22456	0.60566	12.90166	1.57531	0	0	0.00000	22	TRIAL3	
SMP	782.66943	0.29441	0.32737	13.59579	1.57284	0	0.22456	0.60566	12.90166	1.57531	0	0	0.00000	22	TRIAL3	
SMP	782.68683	0.29441	0.32737	13.59579	1.57284	0	0.22456	0.60566	12.90166	1.57531	0	0	0.00000	22	TRIAL3	
SMP	782.70227	0.29441	0.32737	13.59579	1.57284	0	0.22456	0.60566	12.90166	1.57531	0	0	0.00000	22	TRIAL3	
SMP	782.71924	0.29441	0.32737	13.59579	1.57284	0	0.22456	0.60566	12.90166	1.57531	0	0	0.00000	22	TRIAL3	
SMP	782.73523	0.29441	0.32737	13.59579	1.57284	0	0.22456	0.60566	12.90166	1.57531	0	0	0.00000	22	TRIAL3	
SMP	782.75256	0.29441	0.32737	13.59579	1.57284	0	0.22456	0.60566	12.90166	1.57531	0	0	0.00000	22	TRIAL3	
SMP	782.77075	0.29441	0.32737	13.59579	1.57284	0	0.22456	0.60566	12.90166	1.57531	0	0	0.00000	22	TRIAL3	
SMP	782.78436	0.29441	0.32737	13.59579	1.57284	0	0.22456	0.60566	12.90166	1.57531	0	0	0.00000	22	TRIAL3	
SMP	782.80078	0.29441	0.32737	13.59579	1.57284	0	0.22456	0.60566	12.90166	1.57531	0	0	0.00000	22	TRIAL3	
SMP	782.81763	0.29441	0.32737	13.59579	1.57284	0	0.22456	0.60566	12.90166	1.57531	0	0	0.00000	22	TRIAL3	
SMP	782.83478	0.29441	0.32737	13.59579	1.57284	0	0.22456	0.60566	12.90166	1.57531	0	0	0.00000	22	TRIAL3	
SMP	782.85016	0.29441	0.32737	13.59579	1.57284	0	0.22456	0.60566	12.90166	1.57531	0	0	0.00000	22	TRIAL3	
SMP	782.86658	0.29441	0.32737	13.59579	1.57284	0	0.22456	0.60566	12.90166	1.57531	0	0	0.00000	22	TRIAL3	
SMP	782.88306	0.29441	0.32737	13.59579	1.57284	0	0.22456	0.60566	12.90166	1.57531	0	0	0.00000	22	TRIAL3	
SMP	782.90045	0.29441	0.32737	13.59579	1.57284	0	0.22456	0.60566	12.90166	1.57531	0	0	0.00000	22	TRIAL3	
SMP	782.91681	0.29441	0.32737	13.59579	1.57284	0	0.22413	0.60768	10.50491	1.57531	1	0	0.00000	22	TRIAL3	
SMP	782.93335	0.29441	0.32737	13.59579	1.57284	0	0.22503	0.60734	9.66257	1.57531	1	0	0.00000	22	TRIAL3	
SMP	782.94873	0.29441	0.32737	13.59579	1.57284	0	0.22503	0.60734	9.66257	1.57531	0	0	0.00000	22	TRIAL3	
SMP	782.96515	0.29441	0.32737	13.59579	1.57284	0	0.22503	0.60734	9.66257	1.57531	0	0	0.00000	22	TRIAL3	
SMP	782.98157	0.29441	0.32737	13.59579	1.57284	0	0.22503	0.60734	9.66257	1.57531	0	0	0.00000	22	TRIAL3	
SMP	782.99896	0.29441	0.32737	13.59579	1.57284	0	0.22503	0.60734	9.66257	1.57531	0	0	0.00000	22	TRIAL3	
SMP	783.01538	0.29441	0.32737	13.59579	1.57284	0	0.22503	0.60734	9.66257	1.57531	0	0	0.00000	22	TRIAL3	
SMP	783.03156	0.29441	0.32737	13.59579	1.57284	0	0.22503	0.60734	9.66257	1.57531	0	0	0.00000	22	TRIAL3	
SMP	783.05103	0.29441	0.32737	13.59579	1.57284	0	0.22503	0.60734	9.66257	1.57531	0	0	0.00000	22	TRIAL3	
SMP	783.06366	0.29441	0.32737	13.59579	1.57284	0	0.22503	0.60734	9.66257	1.57531	0	0	0.00000	22	TRIAL3	
SMP	783.08112	0.29441	0.32737	13.59579	1.57284	0	0.22503	0.60734	9.66257	1.57531	0	0	0.00000	22	TRIAL3	
SMP	783.10767	0.29441	0.32737	13.59579	1.57284	0	0.22503	0.60734	9.66257	1.57531	0	0	0.00000	22	TRIAL3	
SMP	783.11298	0.29441	0.32737	13.59579	1.57284	0	0.22503	0.60734	9.66257	1.57531	0	0	0.00000	22	TRIAL3	
SMP	783.13037	0.29441	0.32737	13.59579	1.57284	0	0.22503	0.60734	9.66257	1.57531	0	0	0.00000	22	TRIAL3	
SMP	783.14587	0.29441	0.32737	13.59579	1.57284	0	0.22503	0.60734	9.66257	1.57531	0	0	0.00000	22	TRIAL3	
SMP	783.16229	0.29441	0.32737	13.59579	1.57284	0	0.22503	0.60734	9.66257	1.57531	0	0	0.00000	22	TRIAL3	
SMP	783.17871	0.29441	0.32737	13.59579	1.57284	0	0.22503	0.60734	9.66257	1.57531	0	0	0.00000	22	TRIAL3	
SMP	783.19513	0.29441	0.32737	13.59579	1.57284	0	0.22503	0.60734	9.66257	1.57531	0	0	0.00000	22	TRIAL3	
SMP	783.21155	0.29441	0.32737	13.59579	1.57284	0	0.22503	0.60734	9.66257	1.57531	0	0	0.00000	21	TRIAL3	
SMP	783.22797	0.29441	0.32737	13.59579	1.57284	0	0.22503	0.60734	9.66257	1.57531	0	0	0.00000	21	TRIAL3	
SMP	783.24438	0.29441	0.32737	13.59579	1.57284	0	0.22503	0.60734	9.66257	1.57531	0	0	0.00000	21	TRIAL3	
SMP	783.26178	0.29441	0.32737	13.59579	1.57284	0	0.22503	0.60734	9.66257	1.57531	0	0	0.00000	21	TRIAL3	
SMP	783.27728	0.29441	0.32737	13.59579	1.57284	0	0.22503	0.60734	9.66257	1.57531	0	0	0.00000	21	TRIAL3	
SMP	783.29370	0.29441	0.32737	13.59579	1.57284	0	0.22503	0.60734	9.66257	1.57531	0	0	0.00000	21	TRIAL3	
SMP	783.31012	0.29441	0.32737	13.59579	1.57284	0	0.22503	0.60734	9.66257	1.57531	0	0	0.00000	21	TRIAL3	
SMP	783.33014	0.29441	0.32737	13.59579	1.57284	0	0.22503	0.60734	9.66257	1.57531	0	0	0.00000	21	TRIAL3	
SMP	783.34296	0.29441	0.32737	13.59579	1.57284	0	0.22503	0.60734	9.66257	1.57531	0	0	0.00000	21	TRIAL3	
SMP	783.35938	0.29441	0.32737	13.59579	1.57284	0	0.22503	0.60734	9.66257	1.57531	0	0	0.00000	21	TRIAL3	
SMP	783.37598	0.29441	0.32737	13.59579	1.57284	0	0.22503	0.60734	9.66257	1.57531	0	0	0.00000	21	TRIAL3	
SMP	783.39227	0.29441	0.32737	13.59579	1.57284	0	0.22503	0.60734	9.66257	1.57531	0	0	0.00000	21	TRIAL3	
SMP	783.40936	0.29441	0.32737	13.59579	1.57284	0	0.22503	0.60734	9.66257	1.57531	0	0	0.00000	21	TRIAL3	
SMP	783.42511	0.29441	0.32737	13.59579	1.57284	0	0.22503	0.60734	9.66257	1.57531	0	0	0.00000	21	TRIAL3	
SMP	783.44153	0.29441	0.32737	13.59579	1.57284	0	0.22503	0.60734	9.66257	1.57531	0	0	0.00000	21	TRIAL3	
SMP	783.45905	0.29441	0.32737	13.59579	1.57284	0	0.22503	0.60734	9.66257	1.57531	0	0	0.00000	21	TRIAL3	
SMP	783.47729	0.29441	0.32737	13.59579	1.57284	0	0.22503	0.60734	9.66257	1.57531	0	0	0.00000	21	TRIAL3	
SMP	783.51062	0.29441	0.32737	13.59579	1.57284	0	0.22503	0.60734	9.66257	1.57531	0	0	0.00000	21	TRIAL3	
SMP	783.51306	0.29441	0.32737	13.59579	1.57284	0	0.22503	0.60734	9.66257	1.57531	0	0	0.00000	21	TRIAL3	
SMP	783.52466	0.29441	0.32737	13.59579	1.57284	0	0.22503	0.60734	9.66257	1.57531	0	0	0.00000	21	TRIAL3	
SMP	783.54010	0.29441	0.32737	13.59579	1.57284	0	0.22503	0.60734	9.66257	1.57531	0	0	0.00000	21	TRIAL3	
SMP	783.55756	0.29441	0.32737	13.59579	1.57284	0	0.22503	0.60734	9.66257	1.57531	0	0	0.00000	21	TRIAL3	
SMP	783.57294	0.29441	0.32737	13.59579	1.57284	0	0.22503	0.60734	9.66257	1.57531	0	0	0.00000	21	TRIAL3	
SMP	783.58942	0.29441	0.32737	13.59579	1.57284	0	0.22503	0.60734	9.66257	1.57531	0	0	0.00000	21	TRIAL3	
SMP	783.60681	0.29441	0.32737	13.59579	1.57284	0	0.22503	0.60734	9.66257	1.57531	0	0	0.00000	21	TRIAL3	
SMP	783.62231	0.29441	0.32737	13.59579	1.57284	0	0.22503	0.60734	9.66257	1.57531	0	0	0.00000	21	TRIAL3	
SMP	783.63867	0.29441	0.32737	13.59579	1.57284	0	0.22503	0.60734	9.66257	1.57531	0	0	0.00000	21	TRIAL3	
SMP	783.65533	0.29441	0.32737	13.59579	1.57284	0	0.22503	0.60734	9.66257	1.57531	0	0	0.00000	21	TRIAL3	
SMP	783.67151	0.29441	0.32737	13.59579	1.57284	0	0.22503	0.60734	9.66257	1.57531	0	0	0.00000	21	TRIAL3	
SMP	783.68793	0.29441	0.32737	13.59579	1.57284	0	0.22503	0.60734	9.66257	1.57531	0	0	0.00000	21	TRIAL3	
SMP	783.70654	0.29441	0.32737	13.59579	1.57284	0	0.22503	0.60734	9.66257	1.57531	0	0	0.00000	21	TRIAL3	
SMP	783.72083	0.29441	0.32737	13.59579	1.57284	0	0.22503	0.60734	9.66257	1.57531	0	0	0.00000	21	TRIAL3	
SMP	783.73724	0.29441	0.32737	13.59579	1.57284	0	0.22503	0.60734	9.66257	1.57531	0	0	0.00000	21	TRIAL3	
SMP	783.75360	0.29441	0.32737	13.59579	1.57284	0	0.22503	0.60734	9.66257	1.57531	0	0	0.00000	21	TRIAL3	
SMP	783.77118	0.29441	0.32737	13.59579	1.57284	0	0.22503	0.60734	9.66257	1.57531	0	0	0.00000	21	TRIAL3	
SMP	783.78656	0.29441	0.32737	13.59579	1.57284	0	0.22503	0.60734	9.66257	1.57531	0	0	0.00000	21	TRIAL3	
SMP	783.80310	0.29441	0.32737	13.59579	1.57284	0	0.22503	0.60734	9.66257	1.57531	0	0	0.00000	21	TRIAL3	
SMP	783.82043	0.29441	0.32737	13.59579	1.57284	0	0.22503	0.60734	9.66257	1.57531	0	0	0.00000	21	TRIAL3	
SMP	783.83691	0.29441	0.32737	13.59579	1.57284	0	0.22503	0.60734	9.66257	1.57531	0	0	0.00000	21	TRIAL3	
SMP	783.85217	0.29441	0.32737	13.59579	1.57284	0	0.22503	0.60734	9.66257	1.57531	0	0	0.00000	21	TRIAL3	
SMP	783.86871	0.29441	0.32737	13.59579	1.57284	0	0.22503	0.60734	9.66257	1.57531	0	0	0.00000	21	TRIAL3	
SMP	783.88507	0.29441	0.32737	13.59579	1.57284	0	0.22503	0.60734	9.66257	1.57531	0	0	0.00000	21	TRIAL3	
SMP	783.90253	0.29441	0.32737	13.59579	1.57284	0	0.22503	0.60734	9.66257	1.57531	0	0	0.00000	21	TRIAL3	
SMP	783.91791	0.29441	0.32737	13.59579	1.57284	0	0.22503	0.60734	9.66257	1.57531	0	0	0.00000	21	TRIAL3	
SMP	783.93433	0.29441	0.32737	13.59579	1.57284	0	0.22503	0.60734	9.66257	1.57531	0	0	0.00000	21	TRIAL3	
SMP	783.95081	0.29441	0.32737	13.59579	1.57284	0	0.22503	0.60734	9.66257	1.57531	0	0	0.00000	21	TRIAL3	
SMP	783.96820	0.29441	0.32737	13.59579	1.57284	0	0.22503	0.60734	9.66257	1.57531	0	0	0.00000	21	TRIAL3	
SMP	783.98578	0.29441	0.32737	13.59579	1.57284	0	0.22503	0.60734	9.66257	1.57531	0	0	0.00000	21	TRIAL3	
SMP	784.00012	0.29441	0.32737	13.59579	1.57284	0	0.22503	0.60734	9.66257	1.57531	0	0	0.00000	21	TRIAL3	
SMP	784.01691	0.29441	0.32737	13.59579	1.57284	0	0.22503	0.60734	9.66257	1.57531	0	0	0.00000	21	TRIAL3	
SMP	784.03607	0.29441	0.32737	13.59579	1.57284	0	0.22503	0.60734	9.66257	1.57531	0	0	0.00000	21	TRIAL3	
SMP	784.04938	0.29441	0.32737	13.59579	1.57284	0	0.22503	0.60734	9.66257	1.57531	0	0	0.00000	21	TRIAL3	
SMP	784.06580	0.29441	0.32737	13.59579	1.57284	0	0.22503	0.60734	9.66257	1.57531	0	0	0.00000	21	TRIAL3	
SMP	784.08319	0.29441	0.32737	13.59579	1.57284	0	0.22503	0.60734	9.66257	1.57531	0	0	0.00000	21	TRIAL3	
SMP	784.09869	0.29441	0.32737	13.59579	1.57284	0	0.22503	0.60734	9.66257	1.57531	0	0	0.00000	21	TRIAL3	
SMP	784.11511	0.29441	0.32737	13.59579	1.57284	0	0.22503	0.60734	9.66257	1.57531	0	0	0.00000	21	TRIAL3	
SMP	784.13251	0.29441	0.32737	13.59579	1.57284	0	0.22503	0.60734	9.66257	1.57531	0	0	0.00000	21	TRIAL3	
SMP	784.14795	0.29441	0.32737	13.59579	1.57284	0	0.22503	0.60734	9.66257	1.57531	0	0	0.00000	20	TRIAL3	
SMP	784.16437	0.29441	0.32737	13.59579	1.57284	0	0.22503	0.60734	9.66257	1.57531	0	0	0.00000	20	TRIAL3	
MSG	784.1728	TRIAL4
SMP	784.18085	0.29441	0.32737	13.59579	1.57284	0	0.22503	0.60734	9.66257	1.57531	0	0	0.00000	20	TRIAL4	
SMP	784.19824	0.29441	0.32737	13.59579	1.57284	0	0.22503	0.60734	9.66257	1.57531	0	0	0.00000	20	TRIAL4	
SMP	784.21362	0.29441	0.32737	13.59579	1.57284	0	0.22503	0.60734	9.66257	1.57531	0	0	0.00000	20	TRIAL4	
SMP	784.23016	0.29441	0.32737	13.59579	1.57284	0	0.22503	0.60734	9.66257	1.57531	0	0	0.00000	20	TRIAL4	
SMP	784.24652	0.29441	0.32737	13.59579	1.57284	0	0.22503	0.60734	9.66257	1.57531	0	0	0.00000	20	TRIAL4	
SMP	784.26324	0.29441	0.32737	13.59579	1.57284	0	0.22503	0.60734	9.66257	1.57531	0	0	0.00000	20	TRIAL4	
SMP	784.27930	0.29441	0.32737	13.59579	1.57284	0	0.22503	0.60734	9.66257	1.57531	0	0	0.00000	20	TRIAL4	
SMP	784.29578	0.29441	0.32737	13.59579	1.57284	0	0.22503	0.60734	9.66257	1.57531	0	0	0.00000	20	TRIAL4	
SMP	784.31470	0.29441	0.32737	13.59579	1.57284	0	0.22503	0.60734	9.66257	1.57531	0	0	0.00000	20	TRIAL4	
SMP	784.32861	0.29441	0.32737	13.59579	1.57284	0	0.22503	0.60734	9.66257	1.57531	0	0	0.00000	20	TRIAL4	
SMP	784.34509	0.29441	0.32737	13.59579	1.57284	0	0.22503	0.60734	9.66257	1.57531	0	0	0.00000	20	TRIAL4	
SMP	784.36151	0.29441	0.32737	13.59579	1.57284	0	0.22503	0.60734	9.66257	1.57531	0	0	0.00000	20	TRIAL4	
SMP	784.37897	0.29441	0.32737	13.59579	1.57284	0	0.22503	0.60734	9.66257	1.57531	0	0	0.00000	20	TRIAL4	
SMP	784.39429	0.29441	0.32737	13.59579	1.57284	0	0.22503	0.60734	9.66257	1.57531	0	0	0.00000	20	TRIAL4	
SMP	784.41083	0.29441	0.32737	13.59579	1.57284	0	0.22503	0.60734	9.66257	1.57531	0	0	0.00000	20	TRIAL4	
SMP	784.42725	0.29441	0.32737	13.59579	1.57284	0	0.22503	0.60734	9.66257	1.57531	0	0	0.00000	20	TRIAL4	
SMP	784.44366	0.29441	0.32737	13.59579	1.57284	0	0.22503	0.60734	9.66257	1.57531	0	0	0.00000	20	TRIAL4	
SMP	784.46008	0.29441	0.32737	13.59579	1.57284	0	0.22503	0.60734	9.66257	1.57531	0	0	0.00000	20	TRIAL4	
SMP	784.47748	0.29441	0.32737	13.59579	1.57284	0	0.22503	0.60734	9.66257	1.57531	0	0	0.00000	20	TRIAL4	
SMP	784.49396	0.29441	0.32737	13.59579	1.57284	0	0.22503	0.60734	9.66257	1.57531	0	0	0.00000	20	TRIAL4	
SMP	784.51465	0.29441	0.32737	13.59579	1.57284	0	0.22503	0.60734	9.66257	1.57531	0	0	0.00000	20	TRIAL4	
SMP	784.52570	0.29441	0.32737	13.59579	1.57284	0	0.22503	0.60734	9.66257	1.57531	0	0	0.00000	20	TRIAL4	
SMP	784.54315	0.29441	0.32737	13.59579	1.57284	0	0.22503	0.60734	9.66257	1.57531	0	0	0.00000	20	TRIAL4	
SMP	784.55865	0.29441	0.32737	13.59579	1.57284	0	0.22503	0.60734	9.66257	1.57531	0	0	0.00000	20	TRIAL4	
SMP	784.57611	0.29441	0.32737	13.59579	1.57284	0	0.22503	0.60734	9.66257	1.57531	0	0	0.00000	20	TRIAL4	
SMP	784.59406	0.29441	0.32737	13.59579	1.57284	0	0.22503	0.60734	9.66257	1.57531	0	0	0.00000	20	TRIAL4	
SMP	784.60785	0.29441	0.32737	13.59579	1.57284	0	0.22503	0.60734	9.66257	1.57531	0	0	0.00000	20	TRIAL4	
SMP	784.62427	0.29441	0.32737	13.59579	1.57284	0	0.22503	0.60734	9.66257	1.57531	0	0	0.00000	20	TRIAL4	
SMP	784.64178	0.29441	0.32737	13.59579	1.57284	0	0.22503	0.60734	9.66257	1.57531	0	0	0.00000	20	TRIAL4	
SMP	784.65717	0.29441	0.32737	13.59579	1.57284	0	0.22503	0.60734	9.66257	1.57531	0	0	0.00000	20	TRIAL4	
SMP	784.67358	0.29441	0.32737	13.59579	1.57284	0	0.22503	0.60734	9.66257	1.57531	0	0	0.00000	20	TRIAL4	
SMP	784.69012	0.29441	0.32737	13.59579	1.57284	0	0.22503	0.60734	9.66257	1.57531	0	0	0.00000	20	TRIAL4	
SMP	784.70746	0.29441	0.32737	13.59579	1.57284	0	0.22503	0.60734	9.66257	1.57531	0	0	0.00000	20	TRIAL4	
SMP	784.72388	0.29441	0.32737	13.59579	1.57284	0	0.22503	0.60734	9.66257	1.57531	0	0	0.00000	20	TRIAL4	
SMP	784.73938	0.29441	0.32737	13.59579	1.57284	0	0.22503	0.60734	9.66257	1.57531	0	0	0.00000	20	TRIAL4	
SMP	784.75574	0.29441	0.32737	13.59579	1.57284	0	0.22503	0.60734	9.66257	1.57531	0	0	0.00000	20	TRIAL4	
SMP	784.77319	0.29441	0.32737	13.59579	1.57284	0	0.22503	0.60734	9.66257	1.57531	0	0	0.00000	20	TRIAL4	
SMP	784.78961	0.29441	0.32737	13.59579	1.57284	0	0.22503	0.60734	9.66257	1.57531	0	0	0.00000	20	TRIAL4	
SMP	784.80609	0.29441	0.32737	13.59579	1.57284	0	0.22503	0.60734	9.66257	1.57531	0	0	0.00000	20	TRIAL4	
SMP	784.82153	0.29441	0.32737	13.59579	1.57284	0	0.22503	0.60734	9.66257	1.57531	0	0	0.00000	20	TRIAL4	
SMP	784.87354	0.29441	0.32737	13.59579	1.57284	0	0.22503	0.60734	9.66257	1.57531	0	0	0.00000	20	TRIAL4	
SMP	784.87579	0.29441	0.32737	13.59579	1.57284	0	0.22503	0.60734	9.66257	1.57531	0	0	0.00000	20	TRIAL4	
SMP	784.88708	0.29441	0.32737	13.59579	1.57284	0	0.22503	0.60734	9.66257	1.57531	0	0	0.00000	20	TRIAL4	
SMP	784.90363	0.29441	0.32737	13.59579	1.57284	0	0.22503	0.60734	9.66257	1.57531	0	0	0.00000	20	TRIAL4	
SMP	784.92065	0.29441	0.32737	13.59579	1.57284	0	0.22503	0.60734	9.66257	1.57531	0	0	0.00000	20	TRIAL4	
SMP	784.93640	0.29441	0.32737	13.59579	1.57284	0	0.22503	0.60734	9.66257	1.57531	0	0	0.00000	20	TRIAL4	
SMP	784.95288	0.29441	0.32737	13.59579	1.57284	0	0.22503	0.60734	9.66257	1.57531	0	0	0.00000	20	TRIAL4	
SMP	784.96924	0.29441	0.32737	13.59579	1.57284	0	0.22503	0.60734	9.66257	1.57531	0	0	0.00000	20	TRIAL4	
SMP	784.98657	0.29441	0.32737	13.59579	1.57284	0	0.22503	0.60734	9.66257	1.57531	0	0	0.00000	20	TRIAL4	
SMP	785.00208	0.29441	0.32737	13.59579	1.57284	0	0.22503	0.60734	9.66257	1.57531	0	0	0.00000	20	TRIAL4	
SMP	785.01868	0.29441	0.32737	13.59579	1.57284	0	0.22503	0.60734	9.66257	1.57531	0	0	0.00000	20	TRIAL4	
SMP	785.03503	0.29441	0.32737	13.59579	1.57284	0	0.22503	0.60734	9.66257	1.57531	0	0	0.00000	20	TRIAL4	
SMP	785.05139	0.29441	0.32737	13.59579	1.57284	0	0.22503	0.60734	9.66257	1.57531	0	0	0.00000	20	TRIAL4	
SMP	785.06787	0.29441	0.32737	13.59579	1.57284	0	0.22503	0.60734	9.66257	1.57531	0	0	0.00000	20	TRIAL4	
SMP	785.08429	0.29441	0.32737	13.59579	1.57284	0	0.22503	0.60734	9.66257	1.57531	0	0	0.00000	20	TRIAL4	
SMP	785.10168	0.29441	0.32737	13.59579	1.57284	0	0.22503	0.60734	9.66257	1.57531	0	0	0.00000	20	TRIAL4	
SMP	785.11810	0.29441	0.32737	13.59579	1.57284	0	0.22503	0.60734	9.66257	1.57531	0	0	0.00000	20	TRIAL4	
SMP	785.13458	0.29441	0.32737	13.59579	1.57284	0	0.22503	0.60734	9.66257	1.57531	0	0	0.00000	20	TRIAL4	
SMP	785.15106	0.29441	0.32737	13.59579	1.57284	0	0.22503	0.60734	9.66257	1.57531	0	0	0.00000	20	TRIAL4	
SMP	785.16644	0.29441	0.32737	13.59579	1.57284	0	0.22503	0.60734	9.66257	1.57531	0	0	0.00000	20	TRIAL4	
SMP	785.18286	0.29441	0.32737	13.59579	1.57284	0	0.22503	0.60734	9.66257	1.57531	0	0	0.00000	20	TRIAL4	
SMP	785.20313	0.29441	0.32737	13.59579	1.57284	0	0.22503	0.60734	9.66257	1.57531	0	0	0.00000	20	TRIAL4	
SMP	785.21570	0.29441	0.32737	13.59579	1.57284	0	0.22503	0.60734	9.66257	1.57531	0	0	0.00000	20	TRIAL4	
SMP	785.23212	0.29441	0.32737	13.59579	1.57284	0	0.22503	0.60734	9.66257	1.57531	0	0	0.00000	20	TRIAL4	
SMP	785.24969	0.29441	0.32737	13.59579	1.57284	0	0.22503	0.60734	9.66257	1.57531	0	0	0.00000	20	TRIAL4	
SMP	785.26501	0.29441	0.32737	13.59579	1.57284	0	0.22503	0.60734	9.66257	1.57531	0	0	0.00000	20	TRIAL4	
SMP	785.28143	0.29441	0.32737	13.59579	1.57284	0	0.22503	0.60734	9.66257	1.57531	0	0	0.00000	20	TRIAL4	
SMP	785.29785	0.29441	0.32737	13.59579	1.57284	0	0.22503	0.60734	9.66257	1.57531	0	0	0.00000	20	TRIAL4	
SMP	785.31458	0.29441	0.32737	13.59579	1.57284	0	0.22503	0.60734	9.66257	1.57531	0	0	0.00000	20	TRIAL4	
SMP	785.33069	0.29441	0.32737	13.59579	1.57284	0	0.22503	0.60734	9.66257	1.57531	0	0	0.00000	20	TRIAL4	
SMP	785.34711	0.29441	0.32737	13.59579	1.57284	0	0.22503	0.60734	9.66257	1.57531	0	0	0.00000	20	TRIAL4	
SMP	785.36359	0.29441	0.32737	13.59579	1.57284	0	0.22503	0.60734	9.66257	1.57531	0	0	0.00000	20	TRIAL4	
SMP	785.37994	0.29441	0.32737	13.59579	1.57284	0	0.22503	0.60734	9.66257	1.57531	0	0	0.00000	20	TRIAL4	
SMP	785.39642	0.29441	0.32737	13.59579	1.57284	0	0.22503	0.60734	9.66257	1.57531	0	0	0.00000	20	TRIAL4	
SMP	785.41284	0.29441	0.32737	13.59579	1.57284	0	0.22503	0.60734	9.66257	1.57531	0	0	0.00000	19	TRIAL4	
SMP	785.42932	0.29441	0.32737	13.59579	1.57284	0	0.22503	0.60734	9.66257	1.57531	0	0	0.00000	19	TRIAL4	
SMP	785.44568	0.29441	0.32737	13.59579	1.57284	0	0.22503	0.60734	9.66257	1.57531	0	0	0.00000	19	TRIAL4	
SMP	785.46320	0.29441	0.32737	13.59579	1.57284	0	0.22503	0.60734	9.66257	1.57531	0	0	0.00000	19	TRIAL4	
SMP	785.47852	0.29441	0.32737	13.59579	1.57284	0	0.22503	0.60734	9.66257	1.57531	0	0	0.00000	19	TRIAL4	
SMP	785.49493	0.29441	0.32737	13.59579	1.57284	0	0.22503	0.60734	9.66257	1.57531	0	0	0.00000	19	TRIAL4	
SMP	785.51239	0.29441	0.32737	13.59579	1.57284	0	0.22503	0.60734	9.66257	1.57531	0	0	0.00000	19	TRIAL4	
SMP	785.53455	0.29441	0.32737	13.59579	1.57284	0	0.22503	0.60734	9.66257	1.57531	0	0	0.00000	19	TRIAL4	
SMP	785.54529	0.29441	0.32737	13.59579	1.57284	0	0.22503	0.60734	9.66257	1.57531	0	0	0.00000	19	TRIAL4	
SMP	785.56067	0.29441	0.32737	13.59579	1.57284	0	0.22503	0.60734	9.66257	1.57531	0	0	0.00000	19	TRIAL4	
SMP	785.57813	0.29441	0.32737	13.59579	1.57284	0	0.22503	0.60734	9.66257	1.57531	0	0	0.00000	19	TRIAL4	
SMP	785.59357	0.29441	0.32737	13.59579	1.57284	0	0.22503	0.60734	9.66257	1.57531	0	0	0.00000	19	TRIAL4	
SMP	785.60999	0.29441	0.32737	13.59579	1.57284	0	0.22503	0.60734	9.66257	1.57531	0	0	0.00000	19	TRIAL4	
SMP	785.62640	0.29441	0.32737	13.59579	1.57284	0	0.22503	0.60734	9.66257	1.57531	0	0	0.00000	19	TRIAL4	
SMP	785.64282	0.29441	0.32737	13.59579	1.57284	0	0.22503	0.60734	9.66257	1.57531	0	0	0.00000	19	TRIAL4	
SMP	785.65936	0.29441	0.32737	13.59579	1.57284	0	0.22503	0.60734	9.66257	1.57531	0	0	0.00000	19	TRIAL4	
SMP	785.67572	0.29441	0.32737	13.59579	1.57284	0	0.22503	0.60734	9.66257	1.57531	0	0	0.00000	19	TRIAL4	
SMP	785.69214	0.29441	0.32737	13.59579	1.57284	0	0.22503	0.60734	9.66257	1.57531	0	0	0.00000	19	TRIAL4	
SMP	785.70856	0.29441	0.32737	13.59579	1.57284	0	0.22503	0.60734	9.66257	1.57531	0	0	0.00000	19	TRIAL4	
SMP	785.72601	0.29441	0.32737	13.59579	1.57284	0	0.22503	0.60734	9.66257	1.57531	0	0	0.00000	19	TRIAL4	
SMP	785.74146	0.29441	0.32737	13.59579	1.57284	0	0.22503	0.60734	9.66257	1.57531	0	0	0.00000	19	TRIAL4	
SMP	785.75885	0.29441	0.32737	13.59579	1.57284	0	0.22503	0.60734	9.66257	1.57531	0	0	0.00000	19	TRIAL4	
SMP	785.77423	0.29441	0.32737	13.59579	1.57284	0	0.22503	0.60734	9.66257	1.57531	0	0	0.00000	19	TRIAL4	
SMP	785.79163	0.29441	0.32737	13.59579	1.57284	0	0.22503	0.60734	9.66257	1.57531	0	0	0.00000	19	TRIAL4	
SMP	785.80969	0.29441	0.32737	13.59579	1.57284	0	0.22503	0.60734	9.66257	1.57531	0	0	0.00000	19	TRIAL4	
SMP	785.82452	0.29441	0.32737	13.59579	1.57284	0	0.22503	0.60734	9.66257	1.57531	0	0	0.00000	19	TRIAL4	
SMP	785.84094	0.29441	0.32737	13.59579	1.57284	0	0.22503	0.60734	9.66257	1.57531	0	0	0.00000	19	TRIAL4	
SMP	785.85864	0.29441	0.32737	13.59579	1.57284	0	0.22503	0.60734	9.66257	1.57531	0	0	0.00000	19	TRIAL4	
SMP	785.87286	0.29441	0.32737	13.59579	1.57284	0	0.22503	0.60734	9.66257	1.57531	0	0	0.00000	19	TRIAL4	
SMP	785.89026	0.29441	0.32737	13.59579	1.57284	0	0.22503	0.60734	9.66257	1.57531	0	0	0.00000	19	TRIAL4	
SMP	785.90662	0.29441	0.32737	13.59579	1.57284	0	0.22503	0.60734	9.66257	1.57531	0	0	0.00000	19	TRIAL4	
SMP	785.92316	0.29441	0.32737	13.59579	1.57284	0	0.22503	0.60734	9.66257	1.57531	0	0	0.00000	19	TRIAL4	
SMP	785.93951	0.29441	0.32737	13.59579	1.57284	0	0.22503	0.60734	9.66257	1.57531	0	0	0.00000	19	TRIAL4	
SMP	785.95490	0.29441	0.32737	13.59579	1.57284	0	0.22503	0.60734	9.66257	1.57531	0	0	0.00000	19	TRIAL4	
SMP	785.97144	0.29441	0.32737	13.59579	1.57284	0	0.22503	0.60734	9.66257	1.57531	0	0	0.00000	19	TRIAL4	
SMP	785.98785	0.29441	0.32737	13.59579	1.57284	0	0.22503	0.60734	9.66257	1.57531	0	0	0.00000	19	TRIAL4	
SMP	786.00531	0.29441	0.32737	13.59579	1.57284	0	0.22503	0.60734	9.66257	1.57531	0	0	0.00000	19	TRIAL4	
SMP	786.02069	0.29441	0.32737	13.59579	1.57284	0	0.22503	0.60734	9.66257	1.57531	0	0	0.00000	19	TRIAL4	
SMP	786.03705	0.29441	0.32737	13.59579	1.57284	0	0.22503	0.60734	9.66257	1.57531	0	0	0.00000	19	TRIAL4	
SMP	786.05359	0.29441	0.32737	13.59579	1.57284	0	0.22503	0.60734	9.66257	1.57531	0	0	0.00000	19	TRIAL4	
SMP	786.07098	0.29441	0.32737	13.59579	1.57284	0	0.22503	0.60734	9.66257	1.57531	0	0	0.00000	19	TRIAL4	
SMP	786.08777	0.29441	0.32737	13.59579	1.57284	0	0.22503	0.60734	9.66257	1.57531	0	0	0.00000	19	TRIAL4	
SMP	786.10278	0.29441	0.32737	13.59579	1.57284	0	0.22503	0.60734	9.66257	1.57531	0	0	0.00000	19	TRIAL4	
SMP	786.12024	0.29441	0.32737	13.59579	1.57284	0	0.22503	0.60734	9.66257	1.57531	0	0	0.00000	19	TRIAL4	
SMP	786.13788	0.29441	0.32737	13.59579	1.57284	0	0.22503	0.60734	9.66257	1.57531	0	0	0.00000	19	TRIAL4	
SMP	786.15216	0.29441	0.32737	13.59579	1.57284	0	0.22503	0.60734	9.66257	1.57531	0	0	0.00000	19	TRIAL4	
SMP	786.16882	0.29441	0.32737	13.59579	1.57284	0	0.22503	0.60734	9.66257	1.57531	0	0	0.00000	19	TRIAL4	
MSG	786.1778	TRIAL5
SMP	786.18585	0.29441	0.32737	13.59579	1.57284	0	0.22503	0.60734	9.66257	1.57531	0	0	0.00000	19	TRIAL5	
SMP	786.20239	0.29441	0.32737	13.59579	1.57284	0	0.22503	0.60734	9.66257	1.57531	0	0	0.00000	19	TRIAL5	
SMP	786.21777	0.29441	0.32737	13.59579	1.57284	0	0.22503	0.60734	9.66257	1.57531	0	0	0.00000	19	TRIAL5	
SMP	786.23425	0.29441	0.32737	13.59579	1.57284	0	0.22503	0.60734	9.66257	1.57531	0	0	0.00000	19	TRIAL5	
SMP	786.25073	0.29441	0.32737	13.59579	1.57284	0	0.22503	0.60734	9.66257	1.57531	0	0	0.00000	19	TRIAL5	
SMP	786.26709	0.29441	0.32737	13.59579	1.57284	0	0.22503	0.60734	9.66257	1.57531	0	0	0.00000	19	TRIAL5	
SMP	786.28455	0.29441	0.32737	13.59579	1.57284	0	0.22503	0.60734	9.66257	1.57531	0	0	0.00000	19	TRIAL5	
SMP	786.29993	0.29441	0.32737	13.59579	1.57284	0	0.22503	0.60734	9.66257	1.57531	0	0	0.00000	19	TRIAL5	
SMP	786.31635	0.29441	0.32737	13.59579	1.57284	0	0.22503	0.60734	9.66257	1.57531	0	0	0.00000	19	TRIAL5	
SMP	786.33276	0.29441	0.32737	13.59579	1.57284	0	0.22503	0.60734	9.66257	1.57531	0	0	0.00000	19	TRIAL5	
SMP	786.34930	0.29441	0.32737	13.59579	1.57284	0	0.22503	0.60734	9.66257	1.57531	0	0	0.00000	19	TRIAL5	
SMP	786.36566	0.29441	0.32737	13.59579	1.57284	0	0.22503	0.60734	9.66257	1.57531	0	0	0.00000	19	TRIAL5	
SMP	786.38202	0.29441	0.32737	13.59579	1.57284	0	0.22503	0.60734	9.66257	1.57531	0	0	0.00000	19	TRIAL5	
SMP	786.40460	0.29441	0.32737	13.59579	1.57284	0	0.22503	0.60734	9.66257	1.57531	0	0	0.00000	19	TRIAL5	
SMP	786.41864	0.29441	0.32737	13.59579	1.57284	0	0.22503	0.60734	9.66257	1.57531	0	0	0.00000	19	TRIAL5	
SMP	786.43140	0.29441	0.32737	13.59579	1.57284	0	0.22503	0.60734	9.66257	1.57531	0	0	0.00000	19	TRIAL5	
SMP	786.44788	0.29441	0.32737	13.59579	1.57284	0	0.22503	0.60734	9.66257	1.57531	0	0	0.00000	19	TRIAL5	
SMP	786.46429	0.29441	0.32737	13.59579	1.57284	0	0.22503	0.60734	9.66257	1.57531	0	0	0.00000	19	TRIAL5	
SMP	786.48065	0.29441	0.32737	13.59579	1.57284	0	0.22503	0.60734	9.66257	1.57531	0	0	0.00000	19	TRIAL5	
SMP	786.49707	0.29441	0.32737	13.59579	1.57284	0	0.22503	0.60734	9.66257	1.57531	0	0	0.00000	19	TRIAL5	
SMP	786.51355	0.29441	0.32737	13.59579	1.57284	0	0.22503	0.60734	9.66257	1.57531	0	0	0.00000	19	TRIAL5	
SMP	786.52997	0.29441	0.32737	13.59579	1.57284	0	0.22503	0.60734	9.66257	1.57531	0	0	0.00000	19	TRIAL5	
SMP	786.54633	0.29441	0.32737	13.59579	1.57284	0	0.22503	0.60734	9.66257	1.57531	0	0	0.00000	19	TRIAL5	
SMP	786.56274	0.29441	0.32737	13.59579	1.57284	0	0.22503	0.60734	9.66257	1.57531	0	0	0.00000	19	TRIAL5	
SMP	786.57928	0.29441	0.32737	13.59579	1.57284	0	0.22503	0.60734	9.66257	1.57531	0	0	0.00000	19	TRIAL5	
SMP	786.59564	0.29441	0.32737	13.59579	1.57284	0	0.22503	0.60734	9.66257	1.57531	0	0	0.00000	19	TRIAL5	
SMP	786.61206	0.29441	0.32737	13.59579	1.57284	0	0.22503	0.60734	9.66257	1.57531	0	0	0.00000	19	TRIAL5	
SMP	786.62854	0.29441	0.32737	13.59579	1.57284	0	0.22503	0.60734	9.66257	1.57531	0	0	0.00000	19	TRIAL5	
SMP	786.64600	0.29441	0.32737	13.59579	1.57284	0	0.22503	0.60734	9.66257	1.57531	0	0	0.00000	19	TRIAL5	
SMP	786.66138	0.29441	0.32737	13.59579	1.57284	0	0.22503	0.60734	9.66257	1.57531	0	0	0.00000	18	TRIAL5	
SMP	786.67786	0.29441	0.32737	13.59579	1.57284	0	0.22503	0.60734	9.66257	1.57531	0	0	0.00000	18	TRIAL5	
SMP	786.69415	0.29441	0.32737	13.59579	1.57284	0	0.22503	0.60734	9.66257	1.57531	0	0	0.00000	18	TRIAL5	
SMP	786.71069	0.29441	0.32737	13.59579	1.57284	0	0.22503	0.60734	9.66257	1.57531	0	0	0.00000	18	TRIAL5	
SMP	786.75757	0.29441	0.32737	13.59579	1.57284	0	0.22503	0.60734	9.66257	1.57531	0	0	0.00000	18	TRIAL5	
SMP	786.75995	0.29441	0.32737	13.59579	1.57284	0	0.22503	0.60734	9.66257	1.57531	0	0	0.00000	18	TRIAL5	
SMP	786.76312	0.29441	0.32737	13.59579	1.57284	0	0.22503	0.60734	9.66257	1.57531	0	0	0.00000	18	TRIAL5	
SMP	786.77728	0.29441	0.32737	13.59579	1.57284	0	0.22503	0.60734	9.66257	1.57531	0	0	0.00000	18	TRIAL5	
SMP	786.79279	0.29441	0.32737	13.59579	1.57284	0	0.22503	0.60734	9.66257	1.57531	0	0	0.00000	18	TRIAL5	
SMP	786.80927	0.29441	0.32737	13.59579	1.57284	0	0.22503	0.60734	9.66257	1.57531	0	0	0.00000	18	TRIAL5	
SMP	786.82568	0.29441	0.32737	13.59579	1.57284	0	0.22503	0.60734	9.66257	1.57531	0	0	0.00000	18	TRIAL5	
SMP	786.84204	0.29441	0.32737	13.59579	1.57284	0	0.22503	0.60734	9.66257	1.57531	0	0	0.00000	18	TRIAL5	
SMP	786.85864	0.29441	0.32737	13.59579	1.57284	0	0.22503	0.60734	9.66257	1.57531	0	0	0.00000	18	TRIAL5	
SMP	786.87592	0.29441	0.32737	13.59579	1.57284	0	0.22503	0.60734	9.66257	1.57531	0	0	0.00000	18	TRIAL5	
SMP	786.89130	0.29441	0.32737	13.59579	1.57284	0	0.22503	0.60734	9.66257	1.57531	0	0	0.00000	18	TRIAL5	
SMP	786.90778	0.29441	0.32737	13.59579	1.57284	0	0.22503	0.60734	9.66257	1.57531	0	0	0.00000	18	TRIAL5	
SMP	786.92517	0.29441	0.32737	13.59579	1.57284	0	0.22503	0.60734	9.66257	1.57531	0	0	0.00000	18	TRIAL5	
SMP	786.94165	0.29441	0.32737	13.59579	1.57284	0	0.22503	0.60734	9.66257	1.57531	0	0	0.00000	18	TRIAL5	
SMP	786.95703	0.29441	0.32737	13.59579	1.57284	0	0.22503	0.60734	9.66257	1.57531	0	0	0.00000	18	TRIAL5	
SMP	786.97345	0.29441	0.32737	13.59579	1.57284	0	0.22503	0.60734	9.66257	1.57531	0	0	0.00000	18	TRIAL5	
SMP	786.98993	0.29441	0.32737	13.59579	1.57284	0	0.22503	0.60734	9.66257	1.57531	0	0	0.00000	18	TRIAL5	
SMP	787.00635	0.29441	0.32737	13.59579	1.57284	0	0.22503	0.60734	9.66257	1.57531	0	0	0.00000	18	TRIAL5	
SMP	787.02277	0.29441	0.32737	13.59579	1.57284	0	0.22503	0.60734	9.66257	1.57531	0	0	0.00000	18	TRIAL5	
SMP	787.04016	0.29441	0.32737	13.59579	1.57284	0	0.22503	0.60734	9.66257	1.57531	0	0	0.00000	18	TRIAL5	
SMP	787.05658	0.29441	0.32737	13.59579	1.57284	0	0.22503	0.60734	9.66257	1.57531	0	0	0.00000	18	TRIAL5	
SMP	787.07452	0.29441	0.32737	13.59579	1.57284	0	0.22503	0.60734	9.66257	1.57531	0	0	0.00000	18	TRIAL5	
SMP	787.08942	0.29441	0.32737	13.59579	1.57284	0	0.22503	0.60734	9.66257	1.57531	0	0	0.00000	18	TRIAL5	
SMP	787.10590	0.29441	0.32737	13.59579	1.57284	0	0.22503	0.60734	9.66257	1.57531	0	0	0.00000	18	TRIAL5	
SMP	787.12158	0.29441	0.32737	13.59579	1.57284	0	0.22503	0.60734	9.66257	1.57531	0	0	0.00000	18	TRIAL5	
SMP	787.13776	0.29441	0.32737	13.59579	1.57284	0	0.22503	0.60734	9.66257	1.57531	0	0	0.00000	18	TRIAL5	
SMP	787.15417	0.29441	0.32737	13.59579	1.57284	0	0.22503	0.60734	9.66257	1.57531	0	0	0.00000	18	TRIAL5	
SMP	787.17059	0.29441	0.32737	13.59579	1.57284	0	0.22503	0.60734	9.66257	1.57531	0	0	0.00000	18	TRIAL5	
SMP	787.18707	0.29441	0.32737	13.59579	1.57284	0	0.22503	0.60734	9.66257	1.57531	0	0	0.00000	18	TRIAL5	
SMP	787.20349	0.29441	0.32737	13.59579	1.57284	0	0.22503	0.60734	9.66257	1.57531	0	0	0.00000	18	TRIAL5	
SMP	787.21985	0.29441	0.32737	13.59579	1.57284	0	0.22503	0.60734	9.66257	1.57531	0	0	0.00000	18	TRIAL5	
SMP	787.23627	0.29441	0.32737	13.59579	1.57284	0	0.22503	0.60734	9.66257	1.57531	0	0	0.00000	18	TRIAL5	
SMP	787.25275	0.29441	0.32737	13.59579	1.57284	0	0.22503	0.60734	9.66257	1.57531	0	0	0.00000	18	TRIAL5	
SMP	787.27020	0.29441	0.32737	13.59579	1.57284	0	0.22503	0.60734	9.66257	1.57531	0	0	0.00000	18	TRIAL5	
SMP	787.28564	0.29441	0.32737	13.59579	1.57284	0	0.22503	0.60734	9.66257	1.57531	0	0	0.00000	18	TRIAL5	
SMP	787.30304	0.29441	0.32737	13.59579	1.57284	0	0.22503	0.60734	9.66257	1.57531	0	0	0.00000	18	TRIAL5	
SMP	787.31842	0.29441	0.32737	13.59579	1.57284	0	0.22503	0.60734	9.66257	1.57531	0	0	0.00000	17	TRIAL5	
SMP	787.33490	0.29441	0.32737	13.59579	1.57284	0	0.22503	0.60734	9.66257	1.57531	0	0	0.00000	17	TRIAL5	
SMP	787.35516	0.29441	0.32737	13.59579	1.57284	0	0.22503	0.60734	9.66257	1.57531	0	0	0.00000	17	TRIAL5	
SMP	787.36774	0.29441	0.32737	13.59579	1.57284	0	0.22503	0.60734	9.66257	1.57531	0	0	0.00000	17	TRIAL5	
SMP	787.38416	0.29441	0.32737	13.59579	1.57284	0	0.22503	0.60734	9.66257	1.57531	0	0	0.00000	17	TRIAL5	
SMP	787.40179	0.29441	0.32737	13.59579	1.57284	0	0.22503	0.60734	9.66257	1.57531	0	0	0.00000	17	TRIAL5	
SMP	787.41705	0.29441	0.32737	13.59579	1.57284	0	0.22503	0.60734	9.66257	1.57531	0	0	0.00000	17	TRIAL5	
SMP	787.43347	0.29441	0.32737	13.59579	1.57284	0	0.22503	0.60734	9.66257	1.57531	0	0	0.00000	17	TRIAL5	
SMP	787.44983	0.29441	0.32737	13.59579	1.57284	0	0.22503	0.60734	9.66257	1.57531	0	0	0.00000	17	TRIAL5	
SMP	787.46631	0.29441	0.32737	13.59579	1.57284	0	0.22503	0.60734	9.66257	1.57531	0	0	0.00000	17	TRIAL5	
SMP	787.48364	0.29441	0.32737	13.59579	1.57284	0	0.22503	0.60734	9.66257	1.57531	0	0	0.00000	17	TRIAL5	
SMP	787.50018	0.29441	0.32737	13.59579	1.57284	0	0.22503	0.60734	9.66257	1.57531	0	0	0.00000	17	TRIAL5	
SMP	787.51654	0.29441	0.32737	13.59579	1.57284	0	0.22503	0.60734	9.66257	1.57531	0	0	0.00000	17	TRIAL5	
SMP	787.53198	0.29441	0.32737	13.59579	1.57284	0	0.22503	0.60734	9.66257	1.57531	0	0	0.00000	17	TRIAL5	
SMP	787.54846	0.29441	0.32737	13.59579	1.57284	0	0.22503	0.60734	9.66257	1.57531	0	0	0.00000	17	TRIAL5	
SMP	787.56494	0.29441	0.32737	13.59579	1.57284	0	0.22503	0.60734	9.66257	1.57531	0	0	0.00000	17	TRIAL5	
SMP	787.58221	0.29441	0.32737	13.59579	1.57284	0	0.22503	0.60734	9.66257	1.57531	0	0	0.00000	17	TRIAL5	
SMP	787.59772	0.29441	0.32737	13.59579	1.57284	0	0.22503	0.60734	9.66257	1.57531	0	0	0.00000	17	TRIAL5	
SMP	787.61414	0.29441	0.32737	13.59579	1.57284	0	0.22503	0.60734	9.66257	1.57531	0	0	0.00000	17	TRIAL5	
SMP	787.63055	0.29441	0.32737	13.59579	1.57284	0	0.22503	0.60734	9.66257	1.57531	0	0	0.00000	17	TRIAL5	
SMP	787.64795	0.29441	0.32737	13.59579	1.57284	0	0.22503	0.60734	9.66257	1.57531	0	0	0.00000	17	TRIAL5	
SMP	787.66345	0.29441	0.32737	13.59579	1.57284	0	0.22503	0.60734	9.66257	1.57531	0	0	0.00000	17	TRIAL5	
SMP	787.68329	0.29441	0.32737	13.59579	1.57284	0	0.22503	0.60734	9.66257	1.57531	0	0	0.00000	17	TRIAL5	
SMP	787.70972	0.29441	0.32737	13.59579	1.57284	0	0.22503	0.60734	9.66257	1.57531	0	0	0.00000	17	TRIAL5	
SMP	787.71271	0.29441	0.32737	13.59579	1.57284	0	0.22503	0.60734	9.66257	1.57531	0	0	0.00000	17	TRIAL5	
SMP	787.72913	0.29441	0.32737	13.59579	1.57284	0	0.22503	0.60734	9.66257	1.57531	0	0	0.00000	17	TRIAL5	
SMP	787.74664	0.29441	0.32737	13.59579	1.57284	0	0.22503	0.60734	9.66257	1.57531	0	0	0.00000	17	TRIAL5	
SMP	787.76306	0.29441	0.32737	13.59579	1.57284	0	0.22503	0.60734	9.66257	1.57531	0	0	0.00000	17	TRIAL5	
SMP	787.77850	0.29441	0.32737	13.59579	1.57284	0	0.22503	0.60734	9.66257	1.57531	0	0	0.00000	17	TRIAL5	
SMP	787.79486	0.29441	0.32737	13.59579	1.57284	0	0.22503	0.60734	9.66257	1.57531	0	0	0.00000	17	TRIAL5	
SMP	787.81128	0.29441	0.32737	13.59579	1.57284	0	0.22503	0.60734	9.66257	1.57531	0	0	0.00000	17	TRIAL5	
SMP	787.82770	0.29441	0.32737	13.59579	1.57284	0	0.22503	0.60734	9.66257	1.57531	0	0	0.00000	17	TRIAL5	
SMP	787.84412	0.29441	0.32737	13.59579	1.57284	0	0.22503	0.60734	9.66257	1.57531	0	0	0.00000	17	TRIAL5	
SMP	787.86053	0.29441	0.32737	13.59579	1.57284	0	0.22503	0.60734	9.66257	1.57531	0	0	0.00000	17	TRIAL5	
SMP	787.87805	0.29441	0.32737	13.59579	1.57284	0	0.22503	0.60734	9.66257	1.57531	0	0	0.00000	17	TRIAL5	
SMP	787.89343	0.29441	0.32737	13.59579	1.57284	0	0.22503	0.60734	9.66257	1.57531	0	0	0.00000	17	TRIAL5	
SMP	787.90985	0.29441	0.32737	13.59579	1.57284	0	0.22503	0.60734	9.66257	1.57531	0	0	0.00000	17	TRIAL5	
SMP	787.92725	0.29441	0.32737	13.59579	1.57284	0	0.22503	0.60734	9.66257	1.57531	0	0	0.00000	17	TRIAL5	
SMP	787.94373	0.29441	0.32737	13.59579	1.57284	0	0.22503	0.60734	9.66257	1.57531	0	0	0.00000	17	TRIAL5	
SMP	787.95917	0.29441	0.32737	13.59579	1.57284	0	0.22503	0.60734	9.66257	1.57531	0	0	0.00000	17	TRIAL5	
SMP	787.97559	0.29441	0.32737	13.59579	1.57284	0	0.22503	0.60734	9.66257	1.57531	0	0	0.00000	17	TRIAL5	
SMP	787.99200	0.29441	0.32737	13.59579	1.57284	0	0.22503	0.60734	9.66257	1.57531	0	0	0.00000	17	TRIAL5	
SMP	788.01056	0.29441	0.32737	13.59579	1.57284	0	0.22503	0.60734	9.66257	1.57531	0	0	0.00000	17	TRIAL5	
SMP	788.02588	0.29441	0.32737	13.59579	1.57284	0	0.22503	0.60734	9.66257	1.57531	0	0	0.00000	17	TRIAL5	
SMP	788.04126	0.29441	0.32737	13.59579	1.57284	0	0.22503	0.60734	9.66257	1.57531	0	0	0.00000	17	TRIAL5	
SMP	788.05768	0.29441	0.32737	13.59579	1.57284	0	0.22503	0.60734	9.66257	1.57531	0	0	0.00000	17	TRIAL5	
SMP	788.07410	0.29441	0.32737	13.59579	1.57284	0	0.22503	0.60734	9.66257	1.57531	0	0	0.00000	17	TRIAL5	
SMP	788.09155	0.29441	0.32737	13.59579	1.57284	0	0.22503	0.60734	9.66257	1.57531	0	0	0.00000	17	TRIAL5	
SMP	788.10699	0.29441	0.32737	13.59579	1.57284	0	0.22503	0.60734	9.66257	1.57531	0	0	0.00000	17	TRIAL5	
SMP	788.12860	0.29441	0.32737	13.59579	1.57284	0	0.22503	0.60734	9.66257	1.57531	0	0	0.00000	17	TRIAL5	
SMP	788.13989	0.29441	0.32737	13.59579	1.57284	0	0.22503	0.60734	9.66257	1.57531	0	0	0.00000	17	TRIAL5	
SMP	788.15723	0.29441	0.32737	13.59579	1.57284	0	0.22503	0.60734	9.66257	1.57531	0	0	0.00000	17	TRIAL5	
SMP	788.17273	0.29441	0.32737	13.59579	1.57284	0	0.22503	0.60734	9.66257	1.57531	0	0	0.00000	17	TRIAL5	
SMP	788.19012	0.29441	0.32737	13.59579	1.57284	0	0.22503	0.60734	9.66257	1.57531	0	0	0.00000	17	TRIAL5	
MSG	788.1975	STOP_EYETRACKER
